512705.552 4478186.884 512722.855 4478205.228
512712.425 4478192.008 512732.28 4478213.104
512722.448 4478200.83 512742.824 4478220.912
512732.536 4478208.039 512752.537 4478228.885
512742.624 4478216.208 512762.815 4478236.982
512705.552 4478186.884 512722.855 4478205.228
512712.425 4478192.008 512732.28 4478213.104
512722.448 4478200.83 512742.824 4478220.912
512705.552 4478186.884 512722.855 4478205.228
512712.425 4478192.008 512732.28 4478213.104
512722.448 4478200.83 512742.824 4478220.912
512732.536 4478208.039 512752.537 4478228.885
512742.624 4478216.208 512762.815 4478236.982
512705.552 4478186.884 512722.855 4478205.228
512712.425 4478192.008 512732.28 4478213.104
512722.448 4478200.83 512742.824 4478220.912
512732.536 4478208.039 512752.537 4478228.885
512742.624 4478216.208 512762.815 4478236.982
