512711.651609 4478192.044937 131.877
512711.719383 4478192.044937 131.873
512711.787156 4478192.044937 131.875
512711.651609 4478192.116617 131.879
512711.719383 4478192.116617 131.881
512711.787156 4478192.116617 131.878
512711.854930 4478192.116617 131.872
512711.583836 4478192.188297 131.880
512711.651609 4478192.188297 131.874
512711.719383 4478192.188297 131.883
512711.787156 4478192.188297 131.879
512711.854930 4478192.188297 131.874
512711.922703 4478192.188297 131.882
512711.990477 4478192.188297 131.867
512711.651609 4478192.259977 131.884
512711.719383 4478192.259977 131.887
512711.787156 4478192.259977 131.878
512711.854930 4478192.259977 131.864
512711.922703 4478192.259977 131.869
512711.990477 4478192.259977 131.879
512712.058250 4478192.259977 131.874
512711.787156 4478192.331656 131.877
512711.854930 4478192.331656 131.878
512711.922703 4478192.331656 131.882
512711.990477 4478192.331656 131.876
512712.058250 4478192.331656 131.871
512712.126023 4478192.331656 131.872
512712.193797 4478192.331656 131.877
512711.854930 4478192.403336 131.888
512711.922703 4478192.403336 131.873
512711.990477 4478192.403336 131.881
512712.058250 4478192.403336 131.881
512712.126023 4478192.403336 131.882
512712.193797 4478192.403336 131.872
512712.261570 4478192.403336 131.872
512711.922703 4478192.475016 131.890
512711.990477 4478192.475016 131.882
512712.058250 4478192.475016 131.881
512712.126023 4478192.475016 131.872
512712.193797 4478192.475016 131.877
512712.261570 4478192.475016 131.870
512712.329344 4478192.475016 131.867
512712.058250 4478192.546695 131.879
512712.126023 4478192.546695 131.877
512712.193797 4478192.546695 131.872
512712.261570 4478192.546695 131.867
512712.329344 4478192.546695 131.877
512712.397117 4478192.546695 131.881
512712.464891 4478192.546695 131.875
512712.126023 4478192.618375 131.876
512712.193797 4478192.618375 131.875
512712.261570 4478192.618375 131.888
512712.329344 4478192.618375 131.887
512712.397117 4478192.618375 131.875
512712.464891 4478192.618375 131.873
512712.532664 4478192.618375 131.868
512712.261570 4478192.690055 131.886
512712.329344 4478192.690055 131.874
512712.397117 4478192.690055 131.877
512712.464891 4478192.690055 131.879
512712.532664 4478192.690055 131.871
512712.600438 4478192.690055 131.868
512712.329344 4478192.761734 131.876
512712.397117 4478192.761734 131.864
512712.464891 4478192.761734 131.877
512712.532664 4478192.761734 131.881
512712.600438 4478192.761734 131.873
512712.668211 4478192.761734 131.871
512712.735984 4478192.761734 131.857
512712.397117 4478192.833414 131.887
512712.464891 4478192.833414 131.886
512712.532664 4478192.833414 131.875
512712.600438 4478192.833414 131.876
512712.668211 4478192.833414 131.869
512712.735984 4478192.833414 131.871
512712.803758 4478192.833414 131.863
512712.464891 4478192.905094 131.883
512712.532664 4478192.905094 131.877
512712.600438 4478192.905094 131.874
512712.668211 4478192.905094 131.880
512712.735984 4478192.905094 131.869
512712.803758 4478192.905094 131.867
512712.871531 4478192.905094 131.875
512712.939305 4478192.905094 131.867
512712.600438 4478192.976773 131.879
512712.668211 4478192.976773 131.872
512712.735984 4478192.976773 131.870
512712.803758 4478192.976773 131.880
512712.871531 4478192.976773 131.876
512712.939305 4478192.976773 131.871
512713.007078 4478192.976773 131.859
512712.668211 4478193.048453 131.877
512712.735984 4478193.048453 131.880
512712.803758 4478193.048453 131.881
512712.871531 4478193.048453 131.878
512712.939305 4478193.048453 131.864
512713.007078 4478193.048453 131.857
512713.074852 4478193.048453 131.864
512712.803758 4478193.120133 131.887
512712.871531 4478193.120133 131.873
512712.939305 4478193.120133 131.869
512713.007078 4478193.120133 131.869
512713.074852 4478193.120133 131.870
512713.142625 4478193.120133 131.863
512713.210398 4478193.120133 131.867
512712.939305 4478193.191812 131.868
512713.007078 4478193.191812 131.877
512713.074852 4478193.191812 131.870
512713.142625 4478193.191812 131.865
512713.210398 4478193.191812 131.867
512713.074852 4478193.263492 131.867
512713.142625 4478193.263492 131.874
512713.210398 4478193.263492 131.870
512713.278172 4478193.263492 131.857
512713.142625 4478193.335172 131.859
512713.210398 4478193.335172 131.855
512713.278172 4478193.335172 131.866
512713.345945 4478193.335172 131.870
512713.413719 4478193.335172 131.873
512713.481492 4478193.335172 131.865
512713.278172 4478193.406852 131.868
512713.345945 4478193.406852 131.865
512713.413719 4478193.406852 131.869
512713.481492 4478193.406852 131.864
512713.549266 4478193.406852 131.861
512713.345945 4478193.478531 131.869
512713.413719 4478193.478531 131.868
512713.481492 4478193.478531 131.861
512713.549266 4478193.478531 131.866
512713.617039 4478193.478531 131.863
512713.413719 4478193.550211 131.863
512713.481492 4478193.550211 131.873
512713.549266 4478193.550211 131.879
512713.617039 4478193.550211 131.867
512713.684813 4478193.550211 131.859
512713.481492 4478193.621891 131.874
512713.549266 4478193.621891 131.868
512713.617039 4478193.621891 131.864
512713.684813 4478193.621891 131.862
512713.752586 4478193.621891 131.857
512713.549266 4478193.693570 131.867
512713.617039 4478193.693570 131.858
512713.684813 4478193.693570 131.856
512713.752586 4478193.693570 131.861
512713.820359 4478193.693570 131.858
512713.617039 4478193.765250 131.862
512713.684813 4478193.765250 131.871
512713.752586 4478193.765250 131.862
512713.820359 4478193.765250 131.858
512714.159227 4478193.980289 131.857
512714.227000 4478193.980289 131.854
512714.159227 4478194.051969 131.857
512714.227000 4478194.051969 131.859
512714.294773 4478194.051969 131.860
512714.362547 4478194.051969 131.869
512714.159227 4478194.123648 131.862
512714.227000 4478194.123648 131.858
512714.294773 4478194.123648 131.859
512714.362547 4478194.123648 131.853
512714.227000 4478194.195328 131.863
512714.294773 4478194.195328 131.856
512714.362547 4478194.195328 131.860
512714.430320 4478194.195328 131.855
512714.362547 4478194.267008 131.857
512714.836961 4478194.553727 131.851
512714.904734 4478194.553727 131.855
512714.972508 4478194.553727 131.858
512715.040281 4478194.553727 131.861
512714.836961 4478194.625406 131.853
512714.904734 4478194.625406 131.847
512714.972508 4478194.625406 131.861
512715.040281 4478194.625406 131.857
512715.108055 4478194.625406 131.859
512714.904734 4478194.697086 131.855
512714.972508 4478194.697086 131.863
512715.040281 4478194.697086 131.870
512715.108055 4478194.697086 131.856
512715.175828 4478194.697086 131.852
512715.243602 4478194.697086 131.840
512714.904734 4478194.768766 131.869
512714.972508 4478194.768766 131.873
512715.040281 4478194.768766 131.858
512715.108055 4478194.768766 131.850
512715.175828 4478194.768766 131.849
512715.243602 4478194.768766 131.854
512715.311375 4478194.768766 131.849
512714.972508 4478194.840445 131.868
512715.040281 4478194.840445 131.853
512715.108055 4478194.840445 131.857
512715.175828 4478194.840445 131.852
512715.243602 4478194.840445 131.865
512715.311375 4478194.840445 131.852
512715.379148 4478194.840445 131.851
512715.040281 4478194.912125 131.861
512715.108055 4478194.912125 131.860
512715.175828 4478194.912125 131.865
512715.243602 4478194.912125 131.852
512715.311375 4478194.912125 131.855
512715.379148 4478194.912125 131.855
512715.446922 4478194.912125 131.854
512715.514695 4478194.912125 131.849
512715.175828 4478194.983805 131.862
512715.243602 4478194.983805 131.861
512715.311375 4478194.983805 131.853
512715.379148 4478194.983805 131.858
512715.446922 4478194.983805 131.851
512715.514695 4478194.983805 131.847
512715.582469 4478194.983805 131.866
512715.243602 4478195.055484 131.866
512715.311375 4478195.055484 131.861
512715.379148 4478195.055484 131.855
512715.446922 4478195.055484 131.857
512715.514695 4478195.055484 131.862
512715.582469 4478195.055484 131.839
512715.650242 4478195.055484 131.849
512715.718016 4478195.055484 131.854
512715.379148 4478195.127164 131.861
512715.446922 4478195.127164 131.854
512715.514695 4478195.127164 131.844
512715.582469 4478195.127164 131.852
512715.650242 4478195.127164 131.854
512715.718016 4478195.127164 131.841
512715.785789 4478195.127164 131.843
512715.446922 4478195.198844 131.855
512715.514695 4478195.198844 131.857
512715.582469 4478195.198844 131.849
512715.650242 4478195.198844 131.847
512715.718016 4478195.198844 131.852
512715.785789 4478195.198844 131.859
512715.853563 4478195.198844 131.860
512715.582469 4478195.270523 131.853
512715.650242 4478195.270523 131.849
512715.718016 4478195.270523 131.865
512715.785789 4478195.270523 131.852
512715.853563 4478195.270523 131.847
512715.921336 4478195.270523 131.849
512715.989109 4478195.270523 131.849
512715.650242 4478195.342203 131.865
512715.718016 4478195.342203 131.856
512715.785789 4478195.342203 131.854
512715.853563 4478195.342203 131.847
512715.921336 4478195.342203 131.849
512715.989109 4478195.342203 131.849
512716.056883 4478195.342203 131.842
512715.718016 4478195.413883 131.866
512715.785789 4478195.413883 131.854
512715.853563 4478195.413883 131.844
512715.921336 4478195.413883 131.856
512715.989109 4478195.413883 131.859
512716.056883 4478195.413883 131.863
512716.124656 4478195.413883 131.847
512715.853563 4478195.485562 131.863
512715.921336 4478195.485562 131.858
512715.989109 4478195.485562 131.847
512716.056883 4478195.485562 131.850
512716.124656 4478195.485562 131.848
512716.192430 4478195.485562 131.850
512715.921336 4478195.557242 131.860
512715.989109 4478195.557242 131.856
512716.056883 4478195.557242 131.848
512716.124656 4478195.557242 131.843
512716.192430 4478195.557242 131.843
512716.260203 4478195.557242 131.849
512716.056883 4478195.628922 131.850
512716.124656 4478195.628922 131.851
512716.192430 4478195.628922 131.856
512716.260203 4478195.628922 131.863
512716.327977 4478195.628922 131.847
512716.395750 4478195.628922 131.846
512716.124656 4478195.700602 131.855
512716.192430 4478195.700602 131.851
512716.260203 4478195.700602 131.842
512716.327977 4478195.700602 131.841
512716.395750 4478195.700602 131.845
512716.463523 4478195.700602 131.844
512716.192430 4478195.772281 131.856
512716.260203 4478195.772281 131.848
512716.327977 4478195.772281 131.849
512716.395750 4478195.772281 131.848
512716.463523 4478195.772281 131.844
512716.531297 4478195.772281 131.843
512716.599070 4478195.772281 131.843
512716.327977 4478195.843961 131.856
512716.395750 4478195.843961 131.848
512716.463523 4478195.843961 131.842
512716.531297 4478195.843961 131.845
512716.599070 4478195.843961 131.847
512716.666844 4478195.843961 131.848
512716.395750 4478195.915641 131.852
512716.463523 4478195.915641 131.854
512716.531297 4478195.915641 131.845
512716.599070 4478195.915641 131.846
512716.666844 4478195.915641 131.850
512716.734617 4478195.915641 131.847
512716.802391 4478195.915641 131.836
512716.531297 4478195.987320 131.848
512716.599070 4478195.987320 131.853
512716.666844 4478195.987320 131.851
512716.734617 4478195.987320 131.844
512716.802391 4478195.987320 131.836
512716.870164 4478195.987320 131.846
512716.599070 4478196.059000 131.860
512716.666844 4478196.059000 131.845
512716.734617 4478196.059000 131.841
512716.802391 4478196.059000 131.852
512716.870164 4478196.059000 131.853
512716.937938 4478196.059000 131.846
512716.666844 4478196.130680 131.846
512716.734617 4478196.130680 131.855
512716.802391 4478196.130680 131.847
512716.870164 4478196.130680 131.846
512716.937938 4478196.130680 131.854
512717.005711 4478196.130680 131.853
512716.734617 4478196.202359 131.845
512716.802391 4478196.202359 131.845
512716.870164 4478196.202359 131.852
512716.937938 4478196.202359 131.855
512717.005711 4478196.202359 131.858
512717.073484 4478196.202359 131.846
512716.870164 4478196.274039 131.859
512716.937938 4478196.274039 131.849
512717.005711 4478196.274039 131.851
512717.073484 4478196.274039 131.845
512717.141258 4478196.274039 131.848
512716.937938 4478196.345719 131.853
512717.005711 4478196.345719 131.848
512717.073484 4478196.345719 131.843
512717.141258 4478196.345719 131.856
512717.209031 4478196.345719 131.851
512717.073484 4478196.417398 131.863
512717.141258 4478196.417398 131.850
512717.209031 4478196.417398 131.848
512717.276805 4478196.417398 131.844
512717.344578 4478196.417398 131.848
512717.141258 4478196.489078 131.853
512717.209031 4478196.489078 131.844
512717.276805 4478196.489078 131.845
512717.344578 4478196.489078 131.847
512717.412352 4478196.489078 131.845
512717.276805 4478196.560758 131.851
512717.344578 4478196.560758 131.844
512717.412352 4478196.560758 131.849
512717.480125 4478196.560758 131.854
512717.547898 4478196.560758 131.855
512717.344578 4478196.632437 131.856
512717.412352 4478196.632437 131.853
512717.480125 4478196.632437 131.847
512717.547898 4478196.632437 131.845
512717.615672 4478196.632437 131.845
512717.412352 4478196.704117 131.855
512717.480125 4478196.704117 131.841
512717.547898 4478196.704117 131.841
512717.615672 4478196.704117 131.841
512717.683445 4478196.704117 131.851
512717.480125 4478196.775797 131.845
512717.547898 4478196.775797 131.843
512717.615672 4478196.775797 131.851
512717.683445 4478196.775797 131.839
512717.751219 4478196.775797 131.841
512717.818992 4478196.775797 131.844
512717.615672 4478196.847477 131.845
512717.683445 4478196.847477 131.848
512717.751219 4478196.847477 131.844
512717.818992 4478196.847477 131.848
512717.886766 4478196.847477 131.847
512717.683445 4478196.919156 131.848
512717.751219 4478196.919156 131.846
512717.818992 4478196.919156 131.852
512717.886766 4478196.919156 131.845
512717.954539 4478196.919156 131.851
512717.818992 4478196.990836 131.850
512717.886766 4478196.990836 131.845
512717.954539 4478196.990836 131.849
512718.022313 4478196.990836 131.853
512718.090086 4478196.990836 131.851
512718.157859 4478196.990836 131.841
512717.886766 4478197.062516 131.850
512717.954539 4478197.062516 131.855
512718.022313 4478197.062516 131.839
512718.090086 4478197.062516 131.839
512718.157859 4478197.062516 131.850
512718.225633 4478197.062516 131.852
512718.022313 4478197.134195 131.849
512718.090086 4478197.134195 131.851
512718.157859 4478197.134195 131.853
512718.225633 4478197.134195 131.855
512718.293406 4478197.134195 131.844
512718.090086 4478197.205875 131.850
512718.157859 4478197.205875 131.844
512718.225633 4478197.205875 131.845
512718.293406 4478197.205875 131.848
512718.361180 4478197.205875 131.853
512718.428953 4478197.205875 131.843
512718.157859 4478197.277555 131.848
512718.225633 4478197.277555 131.843
512718.293406 4478197.277555 131.841
512718.361180 4478197.277555 131.846
512718.428953 4478197.277555 131.850
512718.496727 4478197.277555 131.847
512718.225633 4478197.349234 131.848
512718.293406 4478197.349234 131.856
512718.361180 4478197.349234 131.847
512718.428953 4478197.349234 131.842
512718.496727 4478197.349234 131.844
512718.293406 4478197.420914 131.856
512718.361180 4478197.420914 131.846
512718.428953 4478197.420914 131.842
512718.496727 4478197.420914 131.847
512718.564500 4478197.420914 131.848
512718.428953 4478197.492594 131.845
512718.496727 4478197.492594 131.833
512707.043016 4478197.994352 131.884
512706.975242 4478198.066031 131.907
512707.043016 4478198.066031 131.903
512707.110789 4478198.066031 131.898
512707.178563 4478198.066031 131.911
512706.975242 4478198.137711 131.906
512707.043016 4478198.137711 131.904
512707.110789 4478198.137711 131.906
512707.178563 4478198.137711 131.901
512707.246336 4478198.137711 131.903
512706.975242 4478198.209391 131.894
512707.043016 4478198.209391 131.912
512707.110789 4478198.209391 131.906
512707.178563 4478198.209391 131.900
512707.246336 4478198.209391 131.903
512707.314109 4478198.209391 131.903
512707.043016 4478198.281070 131.906
512707.110789 4478198.281070 131.914
512707.178563 4478198.281070 131.897
512707.246336 4478198.281070 131.899
512707.314109 4478198.281070 131.902
512707.381883 4478198.281070 131.897
512707.110789 4478198.352750 131.905
512707.178563 4478198.352750 131.895
512707.246336 4478198.352750 131.911
512707.314109 4478198.352750 131.900
512707.381883 4478198.352750 131.907
512707.449656 4478198.352750 131.903
512707.178563 4478198.424430 131.891
512707.246336 4478198.424430 131.901
512707.314109 4478198.424430 131.897
512707.381883 4478198.424430 131.904
512707.449656 4478198.424430 131.892
512707.517430 4478198.424430 131.904
512707.585203 4478198.424430 131.895
512707.314109 4478198.496109 131.891
512707.381883 4478198.496109 131.893
512707.449656 4478198.496109 131.898
512707.517430 4478198.496109 131.908
512707.585203 4478198.496109 131.903
512707.652977 4478198.496109 131.905
512707.381883 4478198.567789 131.904
512707.449656 4478198.567789 131.894
512707.517430 4478198.567789 131.901
512707.585203 4478198.567789 131.897
512707.652977 4478198.567789 131.898
512707.720750 4478198.567789 131.894
512707.788523 4478198.567789 131.905
512707.449656 4478198.639469 131.898
512707.517430 4478198.639469 131.893
512707.585203 4478198.639469 131.904
512707.652977 4478198.639469 131.902
512707.720750 4478198.639469 131.905
512707.788523 4478198.639469 131.902
512707.856297 4478198.639469 131.891
512707.517430 4478198.711148 131.896
512707.585203 4478198.711148 131.887
512707.652977 4478198.711148 131.901
512707.720750 4478198.711148 131.896
512707.788523 4478198.711148 131.901
512707.856297 4478198.711148 131.897
512707.924070 4478198.711148 131.897
512707.991844 4478198.711148 131.891
512707.652977 4478198.782828 131.892
512707.720750 4478198.782828 131.898
512707.788523 4478198.782828 131.909
512707.856297 4478198.782828 131.902
512707.924070 4478198.782828 131.892
512707.991844 4478198.782828 131.893
512708.059617 4478198.782828 131.905
512707.720750 4478198.854508 131.891
512707.788523 4478198.854508 131.897
512707.856297 4478198.854508 131.900
512707.924070 4478198.854508 131.898
512707.991844 4478198.854508 131.895
512708.059617 4478198.854508 131.909
512708.127391 4478198.854508 131.897
512708.195164 4478198.854508 131.896
512707.856297 4478198.926187 131.890
512707.924070 4478198.926187 131.894
512707.991844 4478198.926187 131.891
512708.059617 4478198.926187 131.899
512708.127391 4478198.926187 131.876
512708.195164 4478198.926187 131.891
512708.262938 4478198.926187 131.883
512707.924070 4478198.997867 131.899
512707.991844 4478198.997867 131.901
512708.059617 4478198.997867 131.892
512708.127391 4478198.997867 131.889
512708.195164 4478198.997867 131.889
512708.262938 4478198.997867 131.892
512708.330711 4478198.997867 131.889
512708.059617 4478199.069547 131.882
512708.127391 4478199.069547 131.880
512708.195164 4478199.069547 131.898
512708.262938 4478199.069547 131.892
512708.330711 4478199.069547 131.892
512708.398484 4478199.069547 131.892
512708.466258 4478199.069547 131.899
512708.127391 4478199.141227 131.893
512708.195164 4478199.141227 131.907
512708.262938 4478199.141227 131.894
512708.330711 4478199.141227 131.891
512708.398484 4478199.141227 131.885
512708.466258 4478199.141227 131.897
512708.534031 4478199.141227 131.895
512708.195164 4478199.212906 131.888
512708.262938 4478199.212906 131.894
512708.330711 4478199.212906 131.901
512708.398484 4478199.212906 131.893
512708.466258 4478199.212906 131.888
512708.534031 4478199.212906 131.892
512708.601805 4478199.212906 131.895
512708.669578 4478199.212906 131.895
512708.262938 4478199.284586 131.890
512708.330711 4478199.284586 131.897
512708.398484 4478199.284586 131.890
512708.466258 4478199.284586 131.890
512708.534031 4478199.284586 131.894
512708.601805 4478199.284586 131.898
512708.669578 4478199.284586 131.888
512708.737352 4478199.284586 131.902
512708.398484 4478199.356266 131.887
512708.466258 4478199.356266 131.899
512708.534031 4478199.356266 131.895
512708.601805 4478199.356266 131.900
512708.669578 4478199.356266 131.887
512708.737352 4478199.356266 131.893
512708.805125 4478199.356266 131.885
512708.466258 4478199.427945 131.892
512708.534031 4478199.427945 131.890
512708.601805 4478199.427945 131.877
512708.669578 4478199.427945 131.888
512708.737352 4478199.427945 131.883
512708.805125 4478199.427945 131.885
512708.872898 4478199.427945 131.895
512708.534031 4478199.499625 131.893
512708.601805 4478199.499625 131.883
512708.669578 4478199.499625 131.883
512708.737352 4478199.499625 131.886
512708.805125 4478199.499625 131.894
512708.872898 4478199.499625 131.897
512708.940672 4478199.499625 131.893
512709.008445 4478199.499625 131.895
512708.669578 4478199.571305 131.876
512708.737352 4478199.571305 131.877
512708.805125 4478199.571305 131.894
512708.872898 4478199.571305 131.884
512708.940672 4478199.571305 131.888
512709.008445 4478199.571305 131.891
512709.076219 4478199.571305 131.891
512708.737352 4478199.642984 131.885
512708.805125 4478199.642984 131.885
512708.872898 4478199.642984 131.882
512708.940672 4478199.642984 131.882
512709.008445 4478199.642984 131.886
512709.076219 4478199.642984 131.885
512709.143992 4478199.642984 131.890
512708.872898 4478199.714664 131.878
512708.940672 4478199.714664 131.886
512709.008445 4478199.714664 131.893
512709.076219 4478199.714664 131.895
512709.143992 4478199.714664 131.889
512709.211766 4478199.714664 131.878
512709.279539 4478199.714664 131.890
512708.940672 4478199.786344 131.888
512709.008445 4478199.786344 131.888
512709.076219 4478199.786344 131.885
512709.143992 4478199.786344 131.882
512709.211766 4478199.786344 131.875
512709.279539 4478199.786344 131.888
512709.347313 4478199.786344 131.902
512709.008445 4478199.858023 131.878
512709.076219 4478199.858023 131.885
512709.143992 4478199.858023 131.886
512709.211766 4478199.858023 131.881
512709.279539 4478199.858023 131.891
512709.347313 4478199.858023 131.899
512709.415086 4478199.858023 131.888
512709.076219 4478199.929703 131.888
512709.143992 4478199.929703 131.892
512709.211766 4478199.929703 131.887
512709.279539 4478199.929703 131.888
512709.347313 4478199.929703 131.893
512709.415086 4478199.929703 131.891
512709.482859 4478199.929703 131.872
512709.550633 4478199.929703 131.888
512709.143992 4478200.001383 131.880
512709.211766 4478200.001383 131.885
512709.279539 4478200.001383 131.874
512709.347313 4478200.001383 131.914
512709.415086 4478200.001383 131.887
512709.482859 4478200.001383 131.886
512709.550633 4478200.001383 131.876
512709.618406 4478200.001383 131.894
512709.279539 4478200.073062 131.868
512709.347313 4478200.073062 131.896
512709.415086 4478200.073062 131.888
512709.482859 4478200.073062 131.889
512709.550633 4478200.073062 131.881
512709.618406 4478200.073062 131.883
512709.686180 4478200.073062 131.883
512709.347313 4478200.144742 131.881
512709.415086 4478200.144742 131.878
512709.482859 4478200.144742 131.893
512709.550633 4478200.144742 131.873
512709.618406 4478200.144742 131.874
512709.686180 4478200.144742 131.872
512709.753953 4478200.144742 131.887
512709.821727 4478200.144742 131.879
512709.482859 4478200.216422 131.885
512709.550633 4478200.216422 131.870
512709.618406 4478200.216422 131.873
512709.686180 4478200.216422 131.880
512709.753953 4478200.216422 131.882
512709.821727 4478200.216422 131.880
512709.889500 4478200.216422 131.881
512709.550633 4478200.288102 131.874
512709.618406 4478200.288102 131.883
512709.686180 4478200.288102 131.889
512709.753953 4478200.288102 131.878
512709.821727 4478200.288102 131.878
512709.889500 4478200.288102 131.873
512709.957273 4478200.288102 131.891
512709.618406 4478200.359781 131.873
512709.686180 4478200.359781 131.880
512709.753953 4478200.359781 131.873
512709.821727 4478200.359781 131.876
512709.889500 4478200.359781 131.875
512709.957273 4478200.359781 131.885
512710.025047 4478200.359781 131.876
512710.092820 4478200.359781 131.881
512709.753953 4478200.431461 131.874
512709.821727 4478200.431461 131.877
512709.889500 4478200.431461 131.874
512709.957273 4478200.431461 131.878
512710.025047 4478200.431461 131.881
512710.092820 4478200.431461 131.880
512710.160594 4478200.431461 131.885
512709.821727 4478200.503141 131.870
512709.889500 4478200.503141 131.858
512709.957273 4478200.503141 131.865
512710.025047 4478200.503141 131.887
512710.092820 4478200.503141 131.876
512710.160594 4478200.503141 131.881
512710.228367 4478200.503141 131.880
512710.296141 4478200.503141 131.883
512709.957273 4478200.574820 131.868
512710.025047 4478200.574820 131.876
512710.092820 4478200.574820 131.877
512710.160594 4478200.574820 131.879
512710.228367 4478200.574820 131.882
512710.296141 4478200.574820 131.877
512710.363914 4478200.574820 131.874
512710.025047 4478200.646500 131.869
512710.092820 4478200.646500 131.880
512710.160594 4478200.646500 131.880
512710.228367 4478200.646500 131.876
512710.296141 4478200.646500 131.874
512710.363914 4478200.646500 131.863
512710.431688 4478200.646500 131.880
512710.499461 4478200.646500 131.870
512710.092820 4478200.718180 131.868
512710.160594 4478200.718180 131.873
512710.228367 4478200.718180 131.871
512710.296141 4478200.718180 131.884
512710.363914 4478200.718180 131.871
512710.431688 4478200.718180 131.865
512710.499461 4478200.718180 131.873
512710.567234 4478200.718180 131.885
512710.228367 4478200.789859 131.867
512710.296141 4478200.789859 131.881
512710.363914 4478200.789859 131.876
512710.431688 4478200.789859 131.868
512710.499461 4478200.789859 131.879
512710.567234 4478200.789859 131.881
512710.635008 4478200.789859 131.871
512710.296141 4478200.861539 131.883
512710.363914 4478200.861539 131.876
512710.431688 4478200.861539 131.870
512710.499461 4478200.861539 131.874
512710.567234 4478200.861539 131.877
512710.635008 4478200.861539 131.875
512710.702781 4478200.861539 131.872
512710.770555 4478200.861539 131.882
512710.363914 4478200.933219 131.874
512710.431688 4478200.933219 131.862
512710.499461 4478200.933219 131.870
512710.567234 4478200.933219 131.872
512710.635008 4478200.933219 131.882
512710.702781 4478200.933219 131.870
512710.770555 4478200.933219 131.875
512710.838328 4478200.933219 131.884
512710.499461 4478201.004898 131.864
512710.567234 4478201.004898 131.877
512710.635008 4478201.004898 131.873
512710.702781 4478201.004898 131.879
512710.770555 4478201.004898 131.869
512710.838328 4478201.004898 131.879
512710.906102 4478201.004898 131.885
512710.567234 4478201.076578 131.868
512710.635008 4478201.076578 131.885
512710.702781 4478201.076578 131.886
512710.770555 4478201.076578 131.867
512710.838328 4478201.076578 131.859
512710.906102 4478201.076578 131.877
512710.973875 4478201.076578 131.879
512710.702781 4478201.148258 131.877
512710.770555 4478201.148258 131.865
512710.838328 4478201.148258 131.869
512710.906102 4478201.148258 131.867
512710.973875 4478201.148258 131.872
512711.041648 4478201.148258 131.865
512711.109422 4478201.148258 131.874
512710.770555 4478201.219937 131.869
512710.838328 4478201.219937 131.872
512710.906102 4478201.219937 131.872
512710.973875 4478201.219937 131.870
512711.041648 4478201.219937 131.870
512711.109422 4478201.219937 131.868
512711.177195 4478201.219937 131.874
512710.838328 4478201.291617 131.864
512710.906102 4478201.291617 131.869
512710.973875 4478201.291617 131.856
512711.041648 4478201.291617 131.871
512711.109422 4478201.291617 131.869
512711.177195 4478201.291617 131.875
512711.244969 4478201.291617 131.883
512710.973875 4478201.363297 131.870
512711.041648 4478201.363297 131.866
512711.109422 4478201.363297 131.865
512711.177195 4478201.363297 131.890
512711.244969 4478201.363297 131.878
512711.312742 4478201.363297 131.872
512711.041648 4478201.434977 131.851
512711.109422 4478201.434977 131.864
512711.177195 4478201.434977 131.871
512711.244969 4478201.434977 131.879
512711.312742 4478201.434977 131.872
512711.380516 4478201.434977 131.878
512711.448289 4478201.434977 131.870
512711.109422 4478201.506656 131.859
512711.177195 4478201.506656 131.862
512711.244969 4478201.506656 131.866
512711.312742 4478201.506656 131.875
512711.380516 4478201.506656 131.873
512711.448289 4478201.506656 131.872
512711.516063 4478201.506656 131.875
512711.244969 4478201.578336 131.864
512711.312742 4478201.578336 131.871
512711.380516 4478201.578336 131.867
512711.448289 4478201.578336 131.873
512711.516063 4478201.578336 131.871
512711.583836 4478201.578336 131.866
512711.651609 4478201.578336 131.872
512711.312742 4478201.650016 131.865
512711.380516 4478201.650016 131.869
512711.448289 4478201.650016 131.869
512711.516063 4478201.650016 131.869
512711.583836 4478201.650016 131.872
512711.651609 4478201.650016 131.866
512711.719383 4478201.650016 131.877
512711.380516 4478201.721695 131.863
512711.448289 4478201.721695 131.870
512711.516063 4478201.721695 131.878
512711.583836 4478201.721695 131.861
512711.651609 4478201.721695 131.873
512711.719383 4478201.721695 131.866
512711.787156 4478201.721695 131.854
512711.516063 4478201.793375 131.869
512711.583836 4478201.793375 131.867
512711.651609 4478201.793375 131.864
512711.719383 4478201.793375 131.869
512711.787156 4478201.793375 131.877
512711.854930 4478201.793375 131.874
512711.922703 4478201.793375 131.862
512711.583836 4478201.865055 131.866
512711.651609 4478201.865055 131.861
512711.719383 4478201.865055 131.872
512711.787156 4478201.865055 131.871
512711.854930 4478201.865055 131.869
512711.922703 4478201.865055 131.871
512711.990477 4478201.865055 131.877
512711.651609 4478201.936734 131.857
512711.719383 4478201.936734 131.861
512711.787156 4478201.936734 131.863
512711.854930 4478201.936734 131.867
512711.922703 4478201.936734 131.878
512711.990477 4478201.936734 131.866
512712.058250 4478201.936734 131.874
512712.126023 4478201.936734 131.882
512711.787156 4478202.008414 131.876
512711.854930 4478202.008414 131.878
512711.922703 4478202.008414 131.876
512711.990477 4478202.008414 131.872
512712.058250 4478202.008414 131.865
512712.126023 4478202.008414 131.878
512712.193797 4478202.008414 131.875
512711.854930 4478202.080094 131.870
512711.922703 4478202.080094 131.883
512711.990477 4478202.080094 131.861
512712.058250 4478202.080094 131.866
512712.126023 4478202.080094 131.862
512712.193797 4478202.080094 131.872
512712.261570 4478202.080094 131.863
512712.329344 4478202.080094 131.855
512711.922703 4478202.151773 131.866
512711.990477 4478202.151773 131.863
512712.058250 4478202.151773 131.867
512712.126023 4478202.151773 131.867
512712.193797 4478202.151773 131.864
512712.261570 4478202.151773 131.862
512712.329344 4478202.151773 131.867
512712.397117 4478202.151773 131.869
512712.058250 4478202.223453 131.869
512712.126023 4478202.223453 131.863
512712.193797 4478202.223453 131.853
512712.261570 4478202.223453 131.859
512712.329344 4478202.223453 131.859
512712.397117 4478202.223453 131.871
512712.464891 4478202.223453 131.869
512712.126023 4478202.295133 131.859
512712.193797 4478202.295133 131.859
512712.261570 4478202.295133 131.847
512712.329344 4478202.295133 131.865
512712.397117 4478202.295133 131.863
512712.464891 4478202.295133 131.869
512712.532664 4478202.295133 131.863
512712.600438 4478202.295133 131.871
512712.261570 4478202.366812 131.856
512712.329344 4478202.366812 131.866
512712.397117 4478202.366812 131.861
512712.464891 4478202.366812 131.872
512712.532664 4478202.366812 131.871
512712.600438 4478202.366812 131.872
512712.668211 4478202.366812 131.870
512712.329344 4478202.438492 131.861
512712.397117 4478202.438492 131.854
512712.464891 4478202.438492 131.861
512712.532664 4478202.438492 131.867
512712.600438 4478202.438492 131.866
512712.668211 4478202.438492 131.864
512712.735984 4478202.438492 131.867
512712.397117 4478202.510172 131.854
512712.464891 4478202.510172 131.860
512712.532664 4478202.510172 131.868
512712.600438 4478202.510172 131.865
512712.668211 4478202.510172 131.865
512712.735984 4478202.510172 131.862
512712.803758 4478202.510172 131.861
512712.871531 4478202.510172 131.863
512712.532664 4478202.581852 131.859
512712.600438 4478202.581852 131.863
512712.668211 4478202.581852 131.868
512712.735984 4478202.581852 131.865
512712.803758 4478202.581852 131.858
512712.871531 4478202.581852 131.864
512712.939305 4478202.581852 131.861
512712.600438 4478202.653531 131.854
512712.668211 4478202.653531 131.861
512712.735984 4478202.653531 131.869
512712.803758 4478202.653531 131.857
512712.871531 4478202.653531 131.858
512712.939305 4478202.653531 131.867
512713.007078 4478202.653531 131.868
512713.074852 4478202.653531 131.855
512712.668211 4478202.725211 131.861
512712.735984 4478202.725211 131.860
512712.803758 4478202.725211 131.864
512712.871531 4478202.725211 131.857
512712.939305 4478202.725211 131.861
512713.007078 4478202.725211 131.873
512713.074852 4478202.725211 131.868
512713.142625 4478202.725211 131.856
512712.803758 4478202.796891 131.865
512712.871531 4478202.796891 131.861
512712.939305 4478202.796891 131.865
512713.007078 4478202.796891 131.866
512713.074852 4478202.796891 131.863
512713.142625 4478202.796891 131.860
512713.210398 4478202.796891 131.861
512712.871531 4478202.868570 131.857
512712.939305 4478202.868570 131.853
512713.007078 4478202.868570 131.859
512713.074852 4478202.868570 131.863
512713.142625 4478202.868570 131.865
512713.210398 4478202.868570 131.857
512713.278172 4478202.868570 131.872
512713.345945 4478202.868570 131.882
512713.007078 4478202.940250 131.869
512713.074852 4478202.940250 131.862
512713.142625 4478202.940250 131.870
512713.210398 4478202.940250 131.851
512713.278172 4478202.940250 131.863
512713.345945 4478202.940250 131.872
512713.413719 4478202.940250 131.868
512713.074852 4478203.011930 131.856
512713.142625 4478203.011930 131.875
512713.210398 4478203.011930 131.851
512713.278172 4478203.011930 131.865
512713.345945 4478203.011930 131.861
512713.413719 4478203.011930 131.865
512713.481492 4478203.011930 131.848
512713.549266 4478203.011930 131.859
512713.142625 4478203.083609 131.876
512713.210398 4478203.083609 131.857
512713.278172 4478203.083609 131.868
512713.345945 4478203.083609 131.854
512713.413719 4478203.083609 131.865
512713.481492 4478203.083609 131.854
512713.549266 4478203.083609 131.860
512713.617039 4478203.083609 131.867
512713.210398 4478203.155289 131.849
512713.278172 4478203.155289 131.854
512713.345945 4478203.155289 131.863
512713.413719 4478203.155289 131.853
512713.481492 4478203.155289 131.853
512713.549266 4478203.155289 131.857
512713.617039 4478203.155289 131.866
512713.684813 4478203.155289 131.870
512713.345945 4478203.226969 131.852
512713.413719 4478203.226969 131.856
512713.481492 4478203.226969 131.842
512713.549266 4478203.226969 131.858
512713.617039 4478203.226969 131.857
512713.684813 4478203.226969 131.865
512713.752586 4478203.226969 131.855
512713.413719 4478203.298648 131.854
512713.481492 4478203.298648 131.851
512713.549266 4478203.298648 131.857
512713.617039 4478203.298648 131.857
512713.684813 4478203.298648 131.878
512713.752586 4478203.298648 131.857
512713.820359 4478203.298648 131.864
512713.549266 4478203.370328 131.857
512713.617039 4478203.370328 131.846
512713.684813 4478203.370328 131.858
512713.752586 4478203.370328 131.850
512713.820359 4478203.370328 131.867
512713.888133 4478203.370328 131.880
512713.617039 4478203.442008 131.841
512713.684813 4478203.442008 131.857
512713.752586 4478203.442008 131.859
512713.820359 4478203.442008 131.867
512713.684813 4478203.513687 131.848
512713.752586 4478203.513687 131.844
