512718.566016 4478197.365422 131.848
512718.643750 4478197.365422 131.847
512718.488281 4478197.447844 131.823
512718.566016 4478197.447844 131.838
512718.643750 4478197.447844 131.847
512718.721484 4478197.447844 131.849
512718.799219 4478197.447844 131.842
512718.488281 4478197.530266 131.847
512718.566016 4478197.530266 131.846
512718.643750 4478197.530266 131.851
512718.721484 4478197.530266 131.845
512718.799219 4478197.530266 131.840
512718.876953 4478197.530266 131.836
512718.566016 4478197.612688 131.859
512718.643750 4478197.612688 131.842
512718.721484 4478197.612688 131.836
512718.799219 4478197.612688 131.841
512718.876953 4478197.612688 131.841
512718.954687 4478197.612688 131.841
512718.643750 4478197.695109 131.848
512718.721484 4478197.695109 131.841
512718.799219 4478197.695109 131.846
512718.876953 4478197.695109 131.841
512718.954687 4478197.695109 131.840
512719.032422 4478197.695109 131.837
512719.110156 4478197.695109 131.844
512718.799219 4478197.777531 131.843
512718.876953 4478197.777531 131.837
512718.954687 4478197.777531 131.839
512719.032422 4478197.777531 131.845
512719.110156 4478197.777531 131.845
512719.187891 4478197.777531 131.844
512718.876953 4478197.859953 131.843
512718.954687 4478197.859953 131.842
512719.032422 4478197.859953 131.844
512719.110156 4478197.859953 131.849
512719.187891 4478197.859953 131.840
512719.265625 4478197.859953 131.845
512718.954687 4478197.942375 131.848
512719.032422 4478197.942375 131.842
512719.110156 4478197.942375 131.839
512719.187891 4478197.942375 131.849
512719.265625 4478197.942375 131.844
512719.343359 4478197.942375 131.840
512719.110156 4478198.024797 131.842
512719.187891 4478198.024797 131.834
512719.265625 4478198.024797 131.834
512719.343359 4478198.024797 131.843
512719.187891 4478198.107219 131.854
512719.265625 4478198.107219 131.839
512719.343359 4478198.107219 131.835
512719.421094 4478198.107219 131.836
512719.498828 4478198.107219 131.837
512719.421094 4478198.189641 131.833
512719.498828 4478198.189641 131.842
512719.576562 4478198.189641 131.834
512719.498828 4478198.272063 131.850
512719.576562 4478198.272063 131.842
512719.654297 4478198.272063 131.843
512719.732031 4478198.272063 131.841
512719.809766 4478198.272063 131.841
512719.654297 4478198.354484 131.840
512719.732031 4478198.354484 131.836
512719.809766 4478198.354484 131.835
512719.887500 4478198.354484 131.835
512719.732031 4478198.436906 131.838
512719.809766 4478198.436906 131.841
512719.887500 4478198.436906 131.843
512719.965234 4478198.436906 131.837
512719.732031 4478198.519328 131.843
512719.809766 4478198.519328 131.840
512719.887500 4478198.519328 131.839
512719.965234 4478198.519328 131.830
512720.042969 4478198.519328 131.830
512719.887500 4478198.601750 131.838
512719.965234 4478198.601750 131.835
512720.353906 4478198.849016 131.835
512720.431641 4478198.849016 131.849
512720.353906 4478198.931438 131.828
512720.431641 4478198.931438 131.822
512720.509375 4478198.931438 131.835
512720.742578 4478199.178703 131.844
512722.141797 4478200.250188 131.820
512722.219531 4478200.250188 131.830
512722.297266 4478200.250188 131.828
512722.375000 4478200.250188 131.826
512722.219531 4478200.332609 131.822
512722.297266 4478200.332609 131.827
512722.375000 4478200.332609 131.818
512722.452734 4478200.332609 131.816
512722.219531 4478200.415031 131.829
512722.297266 4478200.415031 131.821
512722.375000 4478200.415031 131.817
512722.452734 4478200.415031 131.818
512722.375000 4478200.497453 131.814
512722.452734 4478200.497453 131.824
512722.530469 4478200.497453 131.819
512722.608203 4478200.497453 131.820
512722.530469 4478200.579875 131.820
512722.608203 4478200.579875 131.822
512722.685937 4478200.579875 131.832
512722.530469 4478200.662297 131.818
512722.608203 4478200.662297 131.821
512722.685937 4478200.662297 131.824
512722.763672 4478200.662297 131.826
512722.841406 4478200.662297 131.821
512722.685937 4478200.744719 131.827
512722.763672 4478200.744719 131.830
512722.841406 4478200.744719 131.820
512722.919141 4478200.744719 131.818
512722.685937 4478200.827141 131.823
512722.763672 4478200.827141 131.820
512722.841406 4478200.827141 131.824
512722.919141 4478200.827141 131.818
512722.841406 4478200.909563 131.819
512722.919141 4478200.909563 131.817
512722.996875 4478200.909563 131.817
512722.996875 4478200.991984 131.818
512723.385547 4478201.074406 131.822
512723.307812 4478201.156828 131.814
512723.385547 4478201.156828 131.813
512723.463281 4478201.156828 131.814
512723.385547 4478201.239250 131.815
512723.463281 4478201.239250 131.825
512723.541016 4478201.239250 131.809
512723.541016 4478201.321672 131.813
512723.696484 4478201.404094 131.817
512723.774219 4478201.404094 131.821
512723.851953 4478201.404094 131.817
512723.696484 4478201.486516 131.823
512723.774219 4478201.486516 131.822
512723.851953 4478201.486516 131.821
512723.929688 4478201.486516 131.817
512723.696484 4478201.568938 131.824
512723.774219 4478201.568938 131.825
512723.851953 4478201.568938 131.828
512723.929688 4478201.568938 131.823
512724.007422 4478201.568938 131.820
512724.085156 4478201.568938 131.820
512723.774219 4478201.651359 131.819
512723.851953 4478201.651359 131.821
512723.929688 4478201.651359 131.827
512724.007422 4478201.651359 131.826
512724.085156 4478201.651359 131.816
512724.162891 4478201.651359 131.813
512723.851953 4478201.733781 131.822
512723.929688 4478201.733781 131.824
512724.007422 4478201.733781 131.814
512724.085156 4478201.733781 131.819
512724.162891 4478201.733781 131.820
512724.240625 4478201.733781 131.816
512723.929688 4478201.816203 131.824
512724.007422 4478201.816203 131.814
512724.085156 4478201.816203 131.821
512724.162891 4478201.816203 131.818
512724.240625 4478201.816203 131.817
512724.318359 4478201.816203 131.820
512724.396094 4478201.816203 131.816
512724.085156 4478201.898625 131.818
512724.162891 4478201.898625 131.827
512724.240625 4478201.898625 131.819
512724.318359 4478201.898625 131.819
512724.396094 4478201.898625 131.817
512724.473828 4478201.898625 131.814
512724.162891 4478201.981047 131.817
512724.240625 4478201.981047 131.820
512724.318359 4478201.981047 131.826
512724.396094 4478201.981047 131.818
512724.473828 4478201.981047 131.819
512724.551563 4478201.981047 131.821
512724.318359 4478202.063469 131.819
512724.396094 4478202.063469 131.817
512724.473828 4478202.063469 131.822
512724.551563 4478202.063469 131.818
512724.629297 4478202.063469 131.815
512724.396094 4478202.145891 131.813
512724.473828 4478202.145891 131.816
512724.551563 4478202.145891 131.821
512724.629297 4478202.145891 131.823
512724.707031 4478202.145891 131.821
512724.784766 4478202.145891 131.809
512724.473828 4478202.228313 131.822
512724.551563 4478202.228313 131.819
512724.629297 4478202.228313 131.816
512724.707031 4478202.228313 131.816
512724.784766 4478202.228313 131.810
512724.862500 4478202.228313 131.816
512724.551563 4478202.310734 131.814
512724.629297 4478202.310734 131.820
512724.707031 4478202.310734 131.817
512724.784766 4478202.310734 131.811
512724.862500 4478202.310734 131.817
512724.940234 4478202.310734 131.817
512724.707031 4478202.393156 131.805
512724.784766 4478202.393156 131.816
512724.862500 4478202.393156 131.821
512724.940234 4478202.393156 131.818
512725.017969 4478202.393156 131.814
512725.095703 4478202.393156 131.812
512724.784766 4478202.475578 131.818
512724.862500 4478202.475578 131.808
512724.940234 4478202.475578 131.816
512725.017969 4478202.475578 131.813
512725.095703 4478202.475578 131.818
512725.173437 4478202.475578 131.814
512724.940234 4478202.558000 131.816
512725.017969 4478202.558000 131.812
512725.095703 4478202.558000 131.817
512725.173437 4478202.558000 131.816
512725.251172 4478202.558000 131.815
512725.017969 4478202.640422 131.803
512725.095703 4478202.640422 131.820
512725.173437 4478202.640422 131.810
512725.251172 4478202.640422 131.806
512725.328906 4478202.640422 131.808
512725.406641 4478202.640422 131.814
512725.095703 4478202.722844 131.815
512725.173437 4478202.722844 131.807
512725.251172 4478202.722844 131.819
512725.328906 4478202.722844 131.816
512725.406641 4478202.722844 131.814
512725.484375 4478202.722844 131.806
512725.251172 4478202.805266 131.814
512725.328906 4478202.805266 131.817
512725.406641 4478202.805266 131.816
512725.484375 4478202.805266 131.812
512725.562109 4478202.805266 131.809
512725.639844 4478202.805266 131.804
512725.328906 4478202.887688 131.810
512725.406641 4478202.887688 131.809
512725.484375 4478202.887688 131.814
512725.562109 4478202.887688 131.813
512725.639844 4478202.887688 131.809
512725.717578 4478202.887688 131.810
512725.406641 4478202.970109 131.814
512725.484375 4478202.970109 131.811
512725.562109 4478202.970109 131.811
512725.639844 4478202.970109 131.811
512725.717578 4478202.970109 131.817
512725.795312 4478202.970109 131.804
512725.562109 4478203.052531 131.807
512725.639844 4478203.052531 131.810
512725.717578 4478203.052531 131.808
512725.795312 4478203.052531 131.809
512725.873047 4478203.052531 131.816
512725.950781 4478203.052531 131.803
512725.639844 4478203.134953 131.816
512725.717578 4478203.134953 131.808
512725.795312 4478203.134953 131.818
512725.873047 4478203.134953 131.805
512725.950781 4478203.134953 131.807
512726.028516 4478203.134953 131.809
512726.106250 4478203.134953 131.804
512725.795312 4478203.217375 131.799
512725.873047 4478203.217375 131.815
512725.950781 4478203.217375 131.815
512726.028516 4478203.217375 131.806
512726.106250 4478203.217375 131.802
512726.183984 4478203.217375 131.803
512725.873047 4478203.299797 131.805
512725.950781 4478203.299797 131.806
512726.028516 4478203.299797 131.807
512726.106250 4478203.299797 131.811
512726.183984 4478203.299797 131.798
512726.261719 4478203.299797 131.799
512713.824219 4478203.382219 131.857
512713.901953 4478203.382219 131.856
512713.979687 4478203.382219 131.856
512726.028516 4478203.382219 131.805
512726.106250 4478203.382219 131.804
512726.183984 4478203.382219 131.801
512726.261719 4478203.382219 131.811
512726.339453 4478203.382219 131.808
512726.417187 4478203.382219 131.798
512713.746484 4478203.464641 131.857
512713.824219 4478203.464641 131.857
512713.901953 4478203.464641 131.858
512713.979687 4478203.464641 131.858
512714.057422 4478203.464641 131.845
512726.106250 4478203.464641 131.803
512726.183984 4478203.464641 131.807
512726.261719 4478203.464641 131.811
512726.339453 4478203.464641 131.804
512726.417187 4478203.464641 131.810
512726.494922 4478203.464641 131.801
512713.824219 4478203.547063 131.858
512713.901953 4478203.547063 131.860
512713.979687 4478203.547063 131.852
512714.057422 4478203.547063 131.862
512714.135156 4478203.547063 131.862
512714.212891 4478203.547063 131.869
512726.183984 4478203.547063 131.808
512726.261719 4478203.547063 131.816
512726.339453 4478203.547063 131.806
512726.417187 4478203.547063 131.798
512726.494922 4478203.547063 131.795
512726.572656 4478203.547063 131.803
512726.650391 4478203.547063 131.808
512713.824219 4478203.629484 131.852
512713.901953 4478203.629484 131.856
512713.979687 4478203.629484 131.864
512714.057422 4478203.629484 131.855
512714.135156 4478203.629484 131.861
512714.212891 4478203.629484 131.862
512714.290625 4478203.629484 131.853
512726.339453 4478203.629484 131.800
512726.417187 4478203.629484 131.807
512726.494922 4478203.629484 131.807
512726.572656 4478203.629484 131.808
512726.650391 4478203.629484 131.801
512726.728125 4478203.629484 131.804
512713.979687 4478203.711906 131.851
512714.057422 4478203.711906 131.849
512714.135156 4478203.711906 131.863
512714.212891 4478203.711906 131.865
512714.290625 4478203.711906 131.862
512714.368359 4478203.711906 131.858
512726.417187 4478203.711906 131.804
512726.494922 4478203.711906 131.807
512726.572656 4478203.711906 131.813
512726.650391 4478203.711906 131.812
512726.728125 4478203.711906 131.801
512726.805859 4478203.711906 131.797
512714.057422 4478203.794328 131.857
512714.135156 4478203.794328 131.851
512714.212891 4478203.794328 131.862
512714.290625 4478203.794328 131.857
512714.368359 4478203.794328 131.855
512714.446094 4478203.794328 131.858
512726.572656 4478203.794328 131.804
512726.650391 4478203.794328 131.800
512726.728125 4478203.794328 131.801
512726.805859 4478203.794328 131.800
512726.883594 4478203.794328 131.806
512726.961328 4478203.794328 131.800
512714.135156 4478203.876750 131.840
512714.212891 4478203.876750 131.849
512714.290625 4478203.876750 131.859
512714.368359 4478203.876750 131.863
512714.446094 4478203.876750 131.841
512714.523828 4478203.876750 131.872
512714.601562 4478203.876750 131.868
512726.650391 4478203.876750 131.801
512726.728125 4478203.876750 131.801
512726.805859 4478203.876750 131.811
512726.883594 4478203.876750 131.806
512726.961328 4478203.876750 131.796
512727.039062 4478203.876750 131.792
512714.212891 4478203.959172 131.855
512714.290625 4478203.959172 131.872
512714.368359 4478203.959172 131.883
512714.446094 4478203.959172 131.847
512714.523828 4478203.959172 131.846
512714.601562 4478203.959172 131.854
512714.679297 4478203.959172 131.845
512714.757031 4478203.959172 131.865
512726.805859 4478203.959172 131.798
512726.883594 4478203.959172 131.797
512726.961328 4478203.959172 131.793
512727.039062 4478203.959172 131.801
512727.116797 4478203.959172 131.797
512727.194531 4478203.959172 131.790
512714.290625 4478204.041594 131.859
512714.368359 4478204.041594 131.859
512714.446094 4478204.041594 131.845
512714.523828 4478204.041594 131.851
512714.601562 4478204.041594 131.854
512714.679297 4478204.041594 131.853
512714.757031 4478204.041594 131.859
512714.834766 4478204.041594 131.862
512726.805859 4478204.041594 131.802
512726.883594 4478204.041594 131.799
512726.961328 4478204.041594 131.796
512727.039062 4478204.041594 131.796
512727.116797 4478204.041594 131.799
512727.194531 4478204.041594 131.799
512727.272266 4478204.041594 131.790
512714.446094 4478204.124016 131.844
512714.523828 4478204.124016 131.854
512714.601562 4478204.124016 131.844
512714.679297 4478204.124016 131.834
512714.757031 4478204.124016 131.850
512714.834766 4478204.124016 131.857
512714.912500 4478204.124016 131.862
512726.961328 4478204.124016 131.793
512727.039062 4478204.124016 131.805
512727.116797 4478204.124016 131.801
512727.194531 4478204.124016 131.793
512727.272266 4478204.124016 131.794
512727.350000 4478204.124016 131.791
512727.427734 4478204.124016 131.791
512714.523828 4478204.206438 131.845
512714.601562 4478204.206438 131.848
512714.679297 4478204.206438 131.843
512714.757031 4478204.206438 131.852
512714.834766 4478204.206438 131.856
512714.912500 4478204.206438 131.856
512714.990234 4478204.206438 131.850
512715.067969 4478204.206438 131.852
512727.116797 4478204.206438 131.794
512727.194531 4478204.206438 131.797
512727.272266 4478204.206438 131.797
512727.350000 4478204.206438 131.799
512727.427734 4478204.206438 131.790
512727.505469 4478204.206438 131.794
512714.679297 4478204.288859 131.848
512714.757031 4478204.288859 131.846
512714.834766 4478204.288859 131.830
512714.912500 4478204.288859 131.854
512714.990234 4478204.288859 131.856
512715.067969 4478204.288859 131.854
512715.145703 4478204.288859 131.855
512727.194531 4478204.288859 131.792
512727.272266 4478204.288859 131.792
512727.350000 4478204.288859 131.793
512727.427734 4478204.288859 131.802
512727.505469 4478204.288859 131.796
512727.583203 4478204.288859 131.789
512714.757031 4478204.371281 131.840
512714.834766 4478204.371281 131.835
512714.912500 4478204.371281 131.856
512714.990234 4478204.371281 131.856
512715.067969 4478204.371281 131.851
512715.145703 4478204.371281 131.854
512715.223438 4478204.371281 131.852
512715.301172 4478204.371281 131.853
512727.272266 4478204.371281 131.800
512727.350000 4478204.371281 131.794
512727.427734 4478204.371281 131.792
512727.505469 4478204.371281 131.796
512727.583203 4478204.371281 131.799
512727.660938 4478204.371281 131.793
512727.738672 4478204.371281 131.786
512714.912500 4478204.453703 131.847
512714.990234 4478204.453703 131.847
512715.067969 4478204.453703 131.848
512715.145703 4478204.453703 131.847
512715.223438 4478204.453703 131.843
512715.301172 4478204.453703 131.849
512715.378906 4478204.453703 131.853
512727.427734 4478204.453703 131.801
512727.505469 4478204.453703 131.797
512727.583203 4478204.453703 131.789
512727.660938 4478204.453703 131.790
512727.738672 4478204.453703 131.788
512727.816406 4478204.453703 131.780
512714.990234 4478204.536125 131.845
512715.067969 4478204.536125 131.847
512715.145703 4478204.536125 131.851
512715.223438 4478204.536125 131.845
512715.301172 4478204.536125 131.838
512715.378906 4478204.536125 131.851
512715.456641 4478204.536125 131.847
512727.505469 4478204.536125 131.791
512727.583203 4478204.536125 131.797
512727.660938 4478204.536125 131.790
512727.738672 4478204.536125 131.787
512727.816406 4478204.536125 131.788
512727.894141 4478204.536125 131.793
512727.971875 4478204.536125 131.789
512715.067969 4478204.618547 131.845
512715.145703 4478204.618547 131.851
512715.223438 4478204.618547 131.847
512715.301172 4478204.618547 131.846
512715.378906 4478204.618547 131.854
512715.456641 4478204.618547 131.855
512715.534375 4478204.618547 131.847
512715.612109 4478204.618547 131.858
512727.660938 4478204.618547 131.791
512727.738672 4478204.618547 131.794
512727.816406 4478204.618547 131.796
512727.894141 4478204.618547 131.789
512727.971875 4478204.618547 131.784
512728.049609 4478204.618547 131.783
512715.223438 4478204.700969 131.837
512715.301172 4478204.700969 131.843
512715.378906 4478204.700969 131.858
512715.456641 4478204.700969 131.852
512715.534375 4478204.700969 131.862
512715.612109 4478204.700969 131.846
512715.689844 4478204.700969 131.850
512727.738672 4478204.700969 131.788
512727.816406 4478204.700969 131.789
512727.894141 4478204.700969 131.789
512727.971875 4478204.700969 131.791
512728.049609 4478204.700969 131.796
512728.127344 4478204.700969 131.785
512728.205078 4478204.700969 131.786
512715.301172 4478204.783391 131.835
512715.378906 4478204.783391 131.843
512715.456641 4478204.783391 131.851
512715.534375 4478204.783391 131.857
512715.612109 4478204.783391 131.836
512715.689844 4478204.783391 131.848
512715.767578 4478204.783391 131.852
512727.894141 4478204.783391 131.788
512727.971875 4478204.783391 131.796
512728.049609 4478204.783391 131.791
512728.127344 4478204.783391 131.780
512728.205078 4478204.783391 131.787
512728.282812 4478204.783391 131.781
512715.378906 4478204.865813 131.842
512715.456641 4478204.865813 131.848
512715.534375 4478204.865813 131.849
512715.612109 4478204.865813 131.833
512715.689844 4478204.865813 131.832
512715.767578 4478204.865813 131.849
512715.845312 4478204.865813 131.847
512728.049609 4478204.865813 131.779
512728.127344 4478204.865813 131.783
512728.205078 4478204.865813 131.791
512728.282812 4478204.865813 131.780
512728.360547 4478204.865813 131.776
512715.456641 4478204.948234 131.834
512715.534375 4478204.948234 131.844
512715.612109 4478204.948234 131.841
512715.689844 4478204.948234 131.850
512715.767578 4478204.948234 131.841
512715.845312 4478204.948234 131.846
512715.923047 4478204.948234 131.841
512716.000781 4478204.948234 131.852
512728.127344 4478204.948234 131.794
512728.205078 4478204.948234 131.783
512728.282812 4478204.948234 131.781
512728.360547 4478204.948234 131.797
512715.612109 4478205.030656 131.829
512715.689844 4478205.030656 131.835
512715.767578 4478205.030656 131.845
512715.845312 4478205.030656 131.841
512715.923047 4478205.030656 131.841
512716.000781 4478205.030656 131.843
512716.078516 4478205.030656 131.850
512728.205078 4478205.030656 131.794
512728.282812 4478205.030656 131.784
512728.360547 4478205.030656 131.783
512728.438281 4478205.030656 131.777
512728.516016 4478205.030656 131.779
512728.593750 4478205.030656 131.768
512715.689844 4478205.113078 131.847
512715.767578 4478205.113078 131.838
512715.845312 4478205.113078 131.832
512715.923047 4478205.113078 131.837
512716.000781 4478205.113078 131.845
512716.078516 4478205.113078 131.846
512716.156250 4478205.113078 131.841
512716.233984 4478205.113078 131.846
512728.438281 4478205.113078 131.780
512728.516016 4478205.113078 131.780
512728.593750 4478205.113078 131.780
512728.671484 4478205.113078 131.781
512715.845312 4478205.195500 131.837
512715.923047 4478205.195500 131.835
512716.000781 4478205.195500 131.837
512716.078516 4478205.195500 131.835
512716.156250 4478205.195500 131.841
512716.233984 4478205.195500 131.841
512716.311719 4478205.195500 131.836
512728.516016 4478205.195500 131.779
512728.593750 4478205.195500 131.785
512728.671484 4478205.195500 131.781
512715.923047 4478205.277922 131.829
512716.000781 4478205.277922 131.828
512716.078516 4478205.277922 131.844
512716.156250 4478205.277922 131.839
512716.233984 4478205.277922 131.844
512716.311719 4478205.277922 131.840
512716.389453 4478205.277922 131.836
512728.593750 4478205.277922 131.792
512716.078516 4478205.360344 131.832
512716.156250 4478205.360344 131.840
512716.233984 4478205.360344 131.838
512716.311719 4478205.360344 131.847
512716.389453 4478205.360344 131.835
512716.467187 4478205.360344 131.837
512716.544922 4478205.360344 131.842
512716.156250 4478205.442766 131.836
512716.233984 4478205.442766 131.838
512716.311719 4478205.442766 131.834
512716.389453 4478205.442766 131.838
512716.467187 4478205.442766 131.842
512716.544922 4478205.442766 131.842
512716.622656 4478205.442766 131.842
512722.841406 4478205.442766 131.850
512722.919141 4478205.442766 131.846
512716.233984 4478205.525188 131.833
512716.311719 4478205.525188 131.840
512716.389453 4478205.525188 131.843
512716.467187 4478205.525188 131.825
512716.544922 4478205.525188 131.833
512716.622656 4478205.525188 131.842
512716.700391 4478205.525188 131.836
512716.778125 4478205.525188 131.834
512722.763672 4478205.525188 131.844
512722.841406 4478205.525188 131.853
512722.919141 4478205.525188 131.850
512722.996875 4478205.525188 131.855
512723.074609 4478205.525188 131.851
512716.389453 4478205.607609 131.833
512716.467187 4478205.607609 131.825
512716.544922 4478205.607609 131.832
512716.622656 4478205.607609 131.839
512716.700391 4478205.607609 131.844
512716.778125 4478205.607609 131.829
512716.855859 4478205.607609 131.838
512722.763672 4478205.607609 131.852
512722.841406 4478205.607609 131.851
512722.919141 4478205.607609 131.856
512722.996875 4478205.607609 131.857
512723.074609 4478205.607609 131.847
512723.152344 4478205.607609 131.849
512716.467187 4478205.690031 131.823
512716.544922 4478205.690031 131.832
512716.622656 4478205.690031 131.839
512716.700391 4478205.690031 131.843
512716.778125 4478205.690031 131.829
512716.855859 4478205.690031 131.833
512716.933594 4478205.690031 131.838
512722.841406 4478205.690031 131.852
512722.919141 4478205.690031 131.854
512722.996875 4478205.690031 131.855
512723.074609 4478205.690031 131.842
512723.152344 4478205.690031 131.847
512723.230078 4478205.690031 131.859
512723.307812 4478205.690031 131.851
512716.622656 4478205.772453 131.830
512716.700391 4478205.772453 131.841
512716.778125 4478205.772453 131.832
512716.855859 4478205.772453 131.831
512716.933594 4478205.772453 131.830
512717.011328 4478205.772453 131.837
512722.996875 4478205.772453 131.847
512723.074609 4478205.772453 131.848
512723.152344 4478205.772453 131.861
512723.230078 4478205.772453 131.856
512723.307812 4478205.772453 131.855
512723.385547 4478205.772453 131.852
512716.700391 4478205.854875 131.835
512716.778125 4478205.854875 131.832
512716.855859 4478205.854875 131.825
512716.933594 4478205.854875 131.816
512717.011328 4478205.854875 131.841
512717.089062 4478205.854875 131.831
512717.166797 4478205.854875 131.846
512723.074609 4478205.854875 131.853
512723.152344 4478205.854875 131.858
512723.230078 4478205.854875 131.852
512723.307812 4478205.854875 131.857
512723.385547 4478205.854875 131.848
512723.463281 4478205.854875 131.860
512716.778125 4478205.937297 131.831
512716.855859 4478205.937297 131.822
512716.933594 4478205.937297 131.835
512717.011328 4478205.937297 131.834
512717.089062 4478205.937297 131.830
512717.166797 4478205.937297 131.830
512717.244531 4478205.937297 131.841
512723.152344 4478205.937297 131.859
512723.230078 4478205.937297 131.853
512723.307812 4478205.937297 131.858
512723.385547 4478205.937297 131.853
512723.463281 4478205.937297 131.856
512723.541016 4478205.937297 131.848
512723.618750 4478205.937297 131.850
512716.855859 4478206.019719 131.819
512716.933594 4478206.019719 131.830
512717.011328 4478206.019719 131.830
512717.089062 4478206.019719 131.826
512717.166797 4478206.019719 131.832
512717.244531 4478206.019719 131.836
512717.322266 4478206.019719 131.831
512717.400000 4478206.019719 131.844
512723.307812 4478206.019719 131.853
512723.385547 4478206.019719 131.853
512723.463281 4478206.019719 131.852
512723.541016 4478206.019719 131.853
512723.618750 4478206.019719 131.845
512723.696484 4478206.019719 131.849
512717.011328 4478206.102141 131.830
512717.089062 4478206.102141 131.823
512717.166797 4478206.102141 131.828
512717.244531 4478206.102141 131.833
512717.322266 4478206.102141 131.832
512717.400000 4478206.102141 131.849
512717.477734 4478206.102141 131.828
512723.385547 4478206.102141 131.855
512723.463281 4478206.102141 131.851
512723.541016 4478206.102141 131.858
512723.618750 4478206.102141 131.849
512723.696484 4478206.102141 131.854
512723.774219 4478206.102141 131.844
512717.089062 4478206.184563 131.823
512717.166797 4478206.184563 131.814
512717.244531 4478206.184563 131.826
512717.322266 4478206.184563 131.828
512717.400000 4478206.184563 131.832
512717.477734 4478206.184563 131.827
512717.555469 4478206.184563 131.833
512717.633203 4478206.184563 131.830
512723.463281 4478206.184563 131.855
512723.541016 4478206.184563 131.850
512723.618750 4478206.184563 131.844
512723.696484 4478206.184563 131.848
512723.774219 4478206.184563 131.847
512723.851953 4478206.184563 131.841
512723.929688 4478206.184563 131.851
512717.244531 4478206.266984 131.813
512717.322266 4478206.266984 131.836
512717.400000 4478206.266984 131.831
512717.477734 4478206.266984 131.822
512717.555469 4478206.266984 131.825
512717.633203 4478206.266984 131.825
512717.710938 4478206.266984 131.831
512723.618750 4478206.266984 131.850
512723.696484 4478206.266984 131.848
512723.774219 4478206.266984 131.852
512723.851953 4478206.266984 131.838
512723.929688 4478206.266984 131.847
512724.007422 4478206.266984 131.841
512717.322266 4478206.349406 131.822
512717.400000 4478206.349406 131.822
512717.477734 4478206.349406 131.823
512717.555469 4478206.349406 131.829
512717.633203 4478206.349406 131.822
512717.710938 4478206.349406 131.830
512717.788672 4478206.349406 131.843
512723.696484 4478206.349406 131.847
512723.774219 4478206.349406 131.837
512723.851953 4478206.349406 131.845
512723.929688 4478206.349406 131.847
512724.007422 4478206.349406 131.843
512724.085156 4478206.349406 131.846
512724.162891 4478206.349406 131.849
512717.400000 4478206.431828 131.819
512717.477734 4478206.431828 131.827
512717.555469 4478206.431828 131.824
512717.633203 4478206.431828 131.821
512717.710938 4478206.431828 131.829
512717.788672 4478206.431828 131.835
512717.866406 4478206.431828 131.834
512717.944141 4478206.431828 131.826
512723.851953 4478206.431828 131.850
512723.929688 4478206.431828 131.843
512724.007422 4478206.431828 131.842
512724.085156 4478206.431828 131.857
512724.162891 4478206.431828 131.842
512724.240625 4478206.431828 131.837
512717.477734 4478206.514250 131.829
512717.555469 4478206.514250 131.827
512717.633203 4478206.514250 131.821
512717.710938 4478206.514250 131.829
512717.788672 4478206.514250 131.833
512717.866406 4478206.514250 131.828
512717.944141 4478206.514250 131.831
512718.021875 4478206.514250 131.826
512723.929688 4478206.514250 131.852
512724.007422 4478206.514250 131.839
512724.085156 4478206.514250 131.846
512724.162891 4478206.514250 131.850
512724.240625 4478206.514250 131.828
512724.318359 4478206.514250 131.841
512717.633203 4478206.596672 131.831
512717.710938 4478206.596672 131.819
512717.788672 4478206.596672 131.824
512717.866406 4478206.596672 131.834
512717.944141 4478206.596672 131.834
512718.021875 4478206.596672 131.824
512718.099609 4478206.596672 131.837
512724.007422 4478206.596672 131.850
512724.085156 4478206.596672 131.848
512724.162891 4478206.596672 131.835
512724.240625 4478206.596672 131.839
512724.318359 4478206.596672 131.840
512724.396094 4478206.596672 131.839
512717.710938 4478206.679094 131.810
512717.788672 4478206.679094 131.821
512717.866406 4478206.679094 131.833
512717.944141 4478206.679094 131.833
512718.021875 4478206.679094 131.827
512718.099609 4478206.679094 131.832
512718.177344 4478206.679094 131.823
512724.162891 4478206.679094 131.840
512724.240625 4478206.679094 131.841
512724.318359 4478206.679094 131.847
512724.396094 4478206.679094 131.842
512724.473828 4478206.679094 131.845
512717.788672 4478206.761516 131.816
512717.866406 4478206.761516 131.825
512717.944141 4478206.761516 131.834
512718.021875 4478206.761516 131.823
512718.099609 4478206.761516 131.825
512718.177344 4478206.761516 131.823
512718.255078 4478206.761516 131.820
512718.332813 4478206.761516 131.832
512724.240625 4478206.761516 131.842
512724.318359 4478206.761516 131.850
512724.396094 4478206.761516 131.844
512724.473828 4478206.761516 131.844
512724.551563 4478206.761516 131.835
512724.629297 4478206.761516 131.838
512717.866406 4478206.843938 131.821
512717.944141 4478206.843938 131.825
512718.021875 4478206.843938 131.822
512718.099609 4478206.843938 131.822
512718.177344 4478206.843938 131.821
512718.255078 4478206.843938 131.816
512718.332813 4478206.843938 131.825
512718.410547 4478206.843938 131.826
512718.488281 4478206.843938 131.818
512724.396094 4478206.843938 131.842
512724.473828 4478206.843938 131.844
512724.551563 4478206.843938 131.839
512724.629297 4478206.843938 131.839
512724.707031 4478206.843938 131.836
512718.021875 4478206.926359 131.819
512718.099609 4478206.926359 131.820
512718.177344 4478206.926359 131.826
512718.255078 4478206.926359 131.821
512718.332813 4478206.926359 131.814
512718.410547 4478206.926359 131.825
512718.488281 4478206.926359 131.818
512718.566016 4478206.926359 131.835
512724.551563 4478206.926359 131.834
512724.629297 4478206.926359 131.842
512724.707031 4478206.926359 131.852
512724.784766 4478206.926359 131.837
512718.177344 4478207.008781 131.832
512718.255078 4478207.008781 131.814
512718.332813 4478207.008781 131.819
512718.410547 4478207.008781 131.825
512718.488281 4478207.008781 131.823
512718.566016 4478207.008781 131.825
512718.643750 4478207.008781 131.815
512724.629297 4478207.008781 131.844
512724.707031 4478207.008781 131.850
512724.784766 4478207.008781 131.836
512724.862500 4478207.008781 131.838
512724.940234 4478207.008781 131.832
512718.255078 4478207.091203 131.822
512718.332813 4478207.091203 131.821
512718.410547 4478207.091203 131.817
512718.488281 4478207.091203 131.826
512718.566016 4478207.091203 131.819
512718.643750 4478207.091203 131.821
512718.721484 4478207.091203 131.820
512718.799219 4478207.091203 131.815
512724.707031 4478207.091203 131.837
512724.784766 4478207.091203 131.838
512724.862500 4478207.091203 131.838
512724.940234 4478207.091203 131.839
512725.017969 4478207.091203 131.831
512718.410547 4478207.173625 131.811
512718.488281 4478207.173625 131.824
512718.566016 4478207.173625 131.810
512718.643750 4478207.173625 131.814
512718.721484 4478207.173625 131.816
512718.799219 4478207.173625 131.806
512718.876953 4478207.173625 131.811
512724.784766 4478207.173625 131.845
512724.862500 4478207.173625 131.838
512724.940234 4478207.173625 131.842
512725.017969 4478207.173625 131.833
512725.095703 4478207.173625 131.835
512718.488281 4478207.256047 131.808
512718.566016 4478207.256047 131.804
512718.643750 4478207.256047 131.813
512718.721484 4478207.256047 131.816
512718.799219 4478207.256047 131.807
512718.876953 4478207.256047 131.821
512718.954687 4478207.256047 131.806
512719.032422 4478207.256047 131.813
512724.940234 4478207.256047 131.830
512725.017969 4478207.256047 131.832
512725.095703 4478207.256047 131.831
512725.173437 4478207.256047 131.833
512725.251172 4478207.256047 131.838
512718.643750 4478207.338469 131.808
512718.721484 4478207.338469 131.817
512718.799219 4478207.338469 131.809
512718.876953 4478207.338469 131.809
512718.954687 4478207.338469 131.829
512719.032422 4478207.338469 131.818
512719.110156 4478207.338469 131.808
512725.017969 4478207.338469 131.838
512725.095703 4478207.338469 131.834
512725.173437 4478207.338469 131.829
512725.251172 4478207.338469 131.843
512725.328906 4478207.338469 131.835
512718.721484 4478207.420891 131.821
512718.799219 4478207.420891 131.813
512718.876953 4478207.420891 131.813
512718.954687 4478207.420891 131.818
512719.032422 4478207.420891 131.811
512719.110156 4478207.420891 131.810
512719.187891 4478207.420891 131.818
512725.095703 4478207.420891 131.844
512725.173437 4478207.420891 131.835
512725.251172 4478207.420891 131.838
512725.328906 4478207.420891 131.837
512718.799219 4478207.503313 131.822
512718.876953 4478207.503313 131.808
512718.954687 4478207.503313 131.813
512719.032422 4478207.503313 131.813
512719.110156 4478207.503313 131.815
512719.187891 4478207.503313 131.804
512719.265625 4478207.503313 131.811
512719.343359 4478207.503313 131.813
512725.173437 4478207.503313 131.846
512725.251172 4478207.503313 131.838
512718.954687 4478207.585734 131.808
512719.032422 4478207.585734 131.815
512719.110156 4478207.585734 131.821
512719.187891 4478207.585734 131.806
512719.265625 4478207.585734 131.808
512719.343359 4478207.585734 131.814
512719.421094 4478207.585734 131.806
512719.032422 4478207.668156 131.817
512719.110156 4478207.668156 131.814
512719.187891 4478207.668156 131.804
512719.265625 4478207.668156 131.809
512719.343359 4478207.668156 131.810
512719.421094 4478207.668156 131.810
512719.498828 4478207.668156 131.819
512719.110156 4478207.750578 131.819
512719.187891 4478207.750578 131.805
512719.265625 4478207.750578 131.809
512719.343359 4478207.750578 131.810
512719.421094 4478207.750578 131.810
512719.498828 4478207.750578 131.811
512719.576562 4478207.750578 131.813
512719.187891 4478207.833000 131.800
512719.265625 4478207.833000 131.808
512719.343359 4478207.833000 131.810
512719.421094 4478207.833000 131.803
512719.498828 4478207.833000 131.805
512719.576562 4478207.833000 131.806
512719.654297 4478207.833000 131.810
512719.732031 4478207.833000 131.816
512719.343359 4478207.915422 131.812
512719.421094 4478207.915422 131.803
512719.498828 4478207.915422 131.803
512719.576562 4478207.915422 131.810
512719.654297 4478207.915422 131.810
512719.732031 4478207.915422 131.809
512719.809766 4478207.915422 131.805
512719.421094 4478207.997844 131.798
512719.498828 4478207.997844 131.805
512719.576562 4478207.997844 131.807
512719.654297 4478207.997844 131.813
512719.732031 4478207.997844 131.801
512719.809766 4478207.997844 131.810
512719.887500 4478207.997844 131.807
512719.965234 4478207.997844 131.806
512719.576562 4478208.080266 131.798
512719.654297 4478208.080266 131.810
512719.732031 4478208.080266 131.802
512719.809766 4478208.080266 131.811
512719.887500 4478208.080266 131.805
512719.965234 4478208.080266 131.798
512720.042969 4478208.080266 131.805
512719.654297 4478208.162688 131.798
512719.732031 4478208.162688 131.801
512719.809766 4478208.162688 131.809
512719.887500 4478208.162688 131.807
512719.965234 4478208.162688 131.797
512720.042969 4478208.162688 131.807
512720.120703 4478208.162688 131.825
512719.809766 4478208.245109 131.797
512719.887500 4478208.245109 131.797
512719.965234 4478208.245109 131.795
512720.042969 4478208.245109 131.811
512720.120703 4478208.245109 131.814
512720.198437 4478208.245109 131.807
512720.276172 4478208.245109 131.797
512719.887500 4478208.327531 131.809
512719.965234 4478208.327531 131.808
512720.042969 4478208.327531 131.801
512720.120703 4478208.327531 131.807
512720.198437 4478208.327531 131.809
512720.276172 4478208.327531 131.798
512720.353906 4478208.327531 131.805
512719.965234 4478208.409953 131.817
512720.042969 4478208.409953 131.793
512720.120703 4478208.409953 131.803
512720.198437 4478208.409953 131.804
512720.276172 4478208.409953 131.798
512720.353906 4478208.409953 131.797
512720.431641 4478208.409953 131.814
512720.509375 4478208.409953 131.804
512720.120703 4478208.492375 131.799
512720.198437 4478208.492375 131.807
512720.276172 4478208.492375 131.834
512720.353906 4478208.492375 131.796
512720.431641 4478208.492375 131.799
512720.509375 4478208.492375 131.806
512720.587109 4478208.492375 131.796
512720.198437 4478208.574797 131.810
512720.276172 4478208.574797 131.806
512720.353906 4478208.574797 131.798
512720.431641 4478208.574797 131.798
512720.509375 4478208.574797 131.806
512720.587109 4478208.574797 131.800
512720.664844 4478208.574797 131.823
512720.276172 4478208.657219 131.811
512720.353906 4478208.657219 131.804
512720.431641 4478208.657219 131.806
512720.509375 4478208.657219 131.800
512720.587109 4478208.657219 131.807
512720.664844 4478208.657219 131.802
512720.742578 4478208.657219 131.809
512720.431641 4478208.739641 131.794
512720.509375 4478208.739641 131.798
512720.587109 4478208.739641 131.797
512720.664844 4478208.739641 131.809
512720.742578 4478208.739641 131.795
512720.820312 4478208.739641 131.798
512720.509375 4478208.822063 131.802
512720.587109 4478208.822063 131.801
512720.664844 4478208.822063 131.797
512720.742578 4478208.822063 131.794
512720.820312 4478208.822063 131.797
512720.898047 4478208.822063 131.802
512720.975781 4478208.822063 131.793
512720.587109 4478208.904484 131.803
512720.664844 4478208.904484 131.783
512720.742578 4478208.904484 131.784
512720.820312 4478208.904484 131.793
512720.898047 4478208.904484 131.797
512720.975781 4478208.904484 131.801
512721.053516 4478208.904484 131.799
512720.742578 4478208.986906 131.779
512720.820312 4478208.986906 131.796
512720.898047 4478208.986906 131.796
512720.975781 4478208.986906 131.798
512721.053516 4478208.986906 131.800
512721.131250 4478208.986906 131.804
512721.208984 4478208.986906 131.803
512720.898047 4478209.069328 131.800
512720.975781 4478209.069328 131.793
512721.053516 4478209.069328 131.802
512721.131250 4478209.069328 131.798
512721.208984 4478209.069328 131.800
512721.286719 4478209.069328 131.798
512720.975781 4478209.151750 131.793
512721.053516 4478209.151750 131.801
512721.131250 4478209.151750 131.795
512721.208984 4478209.151750 131.794
512721.286719 4478209.151750 131.805
512721.364453 4478209.151750 131.801
512721.442188 4478209.151750 131.793
512721.131250 4478209.234172 131.800
512721.208984 4478209.234172 131.791
512721.286719 4478209.234172 131.800
512721.364453 4478209.234172 131.799
512721.442188 4478209.234172 131.793
512721.519922 4478209.234172 131.791
512721.208984 4478209.316594 131.787
512721.286719 4478209.316594 131.798
512721.364453 4478209.316594 131.807
512721.442188 4478209.316594 131.791
512721.519922 4478209.316594 131.788
512721.597656 4478209.316594 131.795
512721.675391 4478209.316594 131.800
512721.286719 4478209.399016 131.798
512721.364453 4478209.399016 131.793
512721.519922 4478209.399016 131.785
512721.597656 4478209.399016 131.798
512721.675391 4478209.399016 131.804
512721.753125 4478209.399016 131.793
512721.442188 4478209.481438 131.802
512721.519922 4478209.481438 131.792
512721.597656 4478209.481438 131.798
512721.675391 4478209.481438 131.801
512721.753125 4478209.481438 131.789
512721.830859 4478209.481438 131.801
512721.519922 4478209.563859 131.788
512721.597656 4478209.563859 131.794
512721.675391 4478209.563859 131.782
512721.753125 4478209.563859 131.790
512721.830859 4478209.563859 131.787
512721.908594 4478209.563859 131.799
512721.986328 4478209.563859 131.791
512721.597656 4478209.646281 131.790
512721.675391 4478209.646281 131.791
512721.753125 4478209.646281 131.786
512721.830859 4478209.646281 131.794
512721.908594 4478209.646281 131.799
512721.986328 4478209.646281 131.789
512722.064062 4478209.646281 131.794
512721.675391 4478209.728703 131.791
512721.753125 4478209.728703 131.782
512721.830859 4478209.728703 131.782
512721.908594 4478209.728703 131.785
512721.986328 4478209.728703 131.792
512722.064062 4478209.728703 131.799
512722.141797 4478209.728703 131.790
512721.830859 4478209.811125 131.768
512721.908594 4478209.811125 131.790
512721.986328 4478209.811125 131.793
512722.064062 4478209.811125 131.785
512722.141797 4478209.811125 131.791
512722.219531 4478209.811125 131.783
512722.297266 4478209.811125 131.785
512721.908594 4478209.893547 131.774
512721.986328 4478209.893547 131.793
512722.064062 4478209.893547 131.785
512722.141797 4478209.893547 131.779
512722.219531 4478209.893547 131.785
512722.297266 4478209.893547 131.785
512722.375000 4478209.893547 131.792
512721.986328 4478209.975969 131.777
512722.064062 4478209.975969 131.772
512722.141797 4478209.975969 131.791
512722.219531 4478209.975969 131.791
512722.297266 4478209.975969 131.782
512722.375000 4478209.975969 131.784
512722.452734 4478209.975969 131.791
512722.141797 4478210.058391 131.787
512722.219531 4478210.058391 131.790
512722.297266 4478210.058391 131.774
512722.375000 4478210.058391 131.772
512722.452734 4478210.058391 131.787
512722.530469 4478210.058391 131.788
512722.608203 4478210.058391 131.781
512722.219531 4478210.140813 131.783
512722.297266 4478210.140813 131.777
512722.375000 4478210.140813 131.780
512722.452734 4478210.140813 131.790
512722.530469 4478210.140813 131.784
512722.608203 4478210.140813 131.777
512722.685937 4478210.140813 131.780
512722.297266 4478210.223234 131.785
512722.375000 4478210.223234 131.772
512722.452734 4478210.223234 131.784
512722.530469 4478210.223234 131.796
512722.608203 4478210.223234 131.778
512722.685937 4478210.223234 131.782
512722.763672 4478210.223234 131.785
512722.841406 4478210.223234 131.779
512722.452734 4478210.305656 131.784
512722.530469 4478210.305656 131.783
512722.608203 4478210.305656 131.770
512722.685937 4478210.305656 131.781
512722.763672 4478210.305656 131.784
512722.841406 4478210.305656 131.784
512722.919141 4478210.305656 131.778
512722.530469 4478210.388078 131.773
512722.608203 4478210.388078 131.768
512722.685937 4478210.388078 131.784
512722.763672 4478210.388078 131.776
512722.841406 4478210.388078 131.787
512722.919141 4478210.388078 131.782
512722.996875 4478210.388078 131.787
512722.685937 4478210.470500 131.773
512722.763672 4478210.470500 131.784
512722.841406 4478210.470500 131.775
512722.919141 4478210.470500 131.776
512722.996875 4478210.470500 131.773
512723.074609 4478210.470500 131.783
512723.152344 4478210.470500 131.779
512722.841406 4478210.552922 131.775
512722.919141 4478210.552922 131.768
512722.996875 4478210.552922 131.770
512723.074609 4478210.552922 131.781
512723.152344 4478210.552922 131.780
512723.230078 4478210.552922 131.781
512722.841406 4478210.635344 131.773
512722.919141 4478210.635344 131.762
512722.996875 4478210.635344 131.774
512723.074609 4478210.635344 131.788
512723.152344 4478210.635344 131.768
512723.230078 4478210.635344 131.769
512723.307812 4478210.635344 131.777
512723.385547 4478210.635344 131.778
512722.996875 4478210.717766 131.767
512723.074609 4478210.717766 131.772
512723.152344 4478210.717766 131.774
512723.230078 4478210.717766 131.781
512723.307812 4478210.717766 131.773
512723.385547 4478210.717766 131.772
512723.463281 4478210.717766 131.773
512723.074609 4478210.800188 131.765
512723.152344 4478210.800188 131.782
512723.230078 4478210.800188 131.776
512723.307812 4478210.800188 131.773
512723.385547 4478210.800188 131.759
512723.463281 4478210.800188 131.769
512723.541016 4478210.800188 131.776
512723.230078 4478210.882609 131.760
512723.307812 4478210.882609 131.779
512723.385547 4478210.882609 131.768
512723.463281 4478210.882609 131.769
512723.541016 4478210.882609 131.779
512723.618750 4478210.882609 131.772
512723.696484 4478210.882609 131.762
512723.307812 4478210.965031 131.768
512723.385547 4478210.965031 131.763
512723.463281 4478210.965031 131.765
512723.541016 4478210.965031 131.772
512723.618750 4478210.965031 131.768
512723.696484 4478210.965031 131.759
512723.774219 4478210.965031 131.768
512723.463281 4478211.047453 131.765
512723.541016 4478211.047453 131.768
512723.618750 4478211.047453 131.771
512723.696484 4478211.047453 131.764
512723.774219 4478211.047453 131.771
512723.851953 4478211.047453 131.775
512723.541016 4478211.129875 131.765
512723.618750 4478211.129875 131.777
512723.696484 4478211.129875 131.775
512723.774219 4478211.129875 131.768
512723.851953 4478211.129875 131.770
512723.929688 4478211.129875 131.773
512723.696484 4478211.212297 131.779
512723.774219 4478211.212297 131.769
512723.851953 4478211.212297 131.765
512723.929688 4478211.212297 131.769
512723.774219 4478211.294719 131.761
