512728.663625 4478205.226875 131.785
512728.743312 4478205.226875 131.777
512728.823000 4478205.226875 131.777
512728.663625 4478205.305391 131.783
512728.743312 4478205.305391 131.782
512728.823000 4478205.305391 131.780
512728.902687 4478205.305391 131.771
512728.982375 4478205.305391 131.774
512728.663625 4478205.383906 131.778
512728.743312 4478205.383906 131.775
512728.823000 4478205.383906 131.779
512728.902687 4478205.383906 131.785
512728.982375 4478205.383906 131.771
512729.062062 4478205.383906 131.771
512728.823000 4478205.462422 131.788
512728.902687 4478205.462422 131.777
512728.982375 4478205.462422 131.776
512729.062062 4478205.462422 131.769
512729.141750 4478205.462422 131.781
512728.902687 4478205.540938 131.781
512728.982375 4478205.540938 131.768
512729.062062 4478205.540938 131.775
512729.141750 4478205.540938 131.774
512729.221437 4478205.540938 131.772
512729.301125 4478205.540938 131.773
512728.982375 4478205.619453 131.774
512729.062062 4478205.619453 131.778
512729.141750 4478205.619453 131.777
512729.221437 4478205.619453 131.784
512729.301125 4478205.619453 131.774
512729.380812 4478205.619453 131.766
512729.141750 4478205.697969 131.780
512729.221437 4478205.697969 131.776
512729.301125 4478205.697969 131.767
512729.380812 4478205.697969 131.766
512729.460500 4478205.697969 131.767
512729.221437 4478205.776484 131.764
512729.301125 4478205.776484 131.764
512729.380812 4478205.776484 131.774
512729.460500 4478205.776484 131.763
512729.540187 4478205.776484 131.764
512729.619875 4478205.776484 131.770
512729.301125 4478205.855000 131.765
512729.380812 4478205.855000 131.772
512729.460500 4478205.855000 131.772
512729.540187 4478205.855000 131.771
512729.619875 4478205.855000 131.769
512729.699562 4478205.855000 131.763
512729.460500 4478205.933516 131.767
512729.540187 4478205.933516 131.775
512729.619875 4478205.933516 131.771
512729.699562 4478205.933516 131.764
512729.779250 4478205.933516 131.761
512729.540187 4478206.012031 131.773
512729.619875 4478206.012031 131.763
512729.699562 4478206.012031 131.767
512729.779250 4478206.012031 131.767
512729.858937 4478206.012031 131.763
512729.938625 4478206.012031 131.762
512729.619875 4478206.090547 131.769
512729.699562 4478206.090547 131.768
512729.779250 4478206.090547 131.768
512729.858937 4478206.090547 131.769
512729.938625 4478206.090547 131.766
512730.018312 4478206.090547 131.754
512729.779250 4478206.169062 131.767
512729.858937 4478206.169062 131.773
512729.938625 4478206.169062 131.765
512730.018312 4478206.169062 131.765
512730.098000 4478206.169062 131.751
512729.858937 4478206.247578 131.758
512729.938625 4478206.247578 131.759
512730.018312 4478206.247578 131.755
512730.098000 4478206.247578 131.768
512730.177687 4478206.247578 131.769
512729.938625 4478206.326094 131.762
512730.018312 4478206.326094 131.775
512730.098000 4478206.326094 131.767
512730.177687 4478206.326094 131.763
512730.257375 4478206.326094 131.761
512730.337062 4478206.326094 131.767
512730.098000 4478206.404609 131.771
512730.177687 4478206.404609 131.775
512730.257375 4478206.404609 131.760
512730.337062 4478206.404609 131.757
512730.416750 4478206.404609 131.754
512730.177687 4478206.483125 131.758
512730.257375 4478206.483125 131.758
512730.337062 4478206.483125 131.762
512730.416750 4478206.483125 131.760
512730.496437 4478206.483125 131.760
512730.337062 4478206.561641 131.758
512730.416750 4478206.561641 131.760
512730.496437 4478206.561641 131.756
512730.576125 4478206.561641 131.755
512730.655812 4478206.561641 131.752
512730.416750 4478206.640156 131.752
512730.496437 4478206.640156 131.749
512730.576125 4478206.640156 131.752
512730.655812 4478206.640156 131.747
512730.735500 4478206.640156 131.750
512730.496437 4478206.718672 131.748
512730.576125 4478206.718672 131.756
512730.655812 4478206.718672 131.762
512730.735500 4478206.718672 131.752
512730.815187 4478206.718672 131.755
512730.894875 4478206.718672 131.744
512730.576125 4478206.797187 131.762
512730.655812 4478206.797187 131.757
512730.735500 4478206.797187 131.755
512730.815187 4478206.797187 131.752
512730.894875 4478206.797187 131.744
512730.974562 4478206.797187 131.749
512730.735500 4478206.875703 131.757
512730.815187 4478206.875703 131.750
512730.894875 4478206.875703 131.749
512730.974562 4478206.875703 131.755
512731.054250 4478206.875703 131.747
512731.133937 4478206.875703 131.737
512730.815187 4478206.954219 131.751
512730.894875 4478206.954219 131.752
512730.974562 4478206.954219 131.756
512731.054250 4478206.954219 131.750
512731.133937 4478206.954219 131.743
512731.213625 4478206.954219 131.746
512730.974562 4478207.032734 131.751
512731.054250 4478207.032734 131.746
512731.133937 4478207.032734 131.751
512731.213625 4478207.032734 131.749
512731.293312 4478207.032734 131.740
512731.054250 4478207.111250 131.748
512731.133937 4478207.111250 131.741
512731.213625 4478207.111250 131.745
512731.293312 4478207.111250 131.743
512731.373000 4478207.111250 131.743
512731.133937 4478207.189766 131.750
512731.213625 4478207.189766 131.751
512731.293312 4478207.189766 131.746
512731.373000 4478207.189766 131.746
512731.452687 4478207.189766 131.746
512731.532375 4478207.189766 131.741
512731.293312 4478207.268281 131.746
512731.373000 4478207.268281 131.754
512731.452687 4478207.268281 131.746
512731.532375 4478207.268281 131.740
512731.612062 4478207.268281 131.733
512731.373000 4478207.346797 131.743
512731.452687 4478207.346797 131.737
512731.532375 4478207.346797 131.747
512731.612062 4478207.346797 131.738
512731.691750 4478207.346797 131.743
512731.452687 4478207.425313 131.746
512731.532375 4478207.425313 131.741
512731.612062 4478207.425313 131.742
512731.691750 4478207.425313 131.743
512731.771437 4478207.425313 131.741
512731.851125 4478207.425313 131.744
512731.612062 4478207.503828 131.739
512731.691750 4478207.503828 131.738
512731.771437 4478207.503828 131.733
512731.851125 4478207.503828 131.730
512731.930812 4478207.503828 131.730
512731.691750 4478207.582344 131.741
512731.771437 4478207.582344 131.728
512731.851125 4478207.582344 131.737
512731.930812 4478207.582344 131.737
512732.010500 4478207.582344 131.739
512732.090187 4478207.582344 131.727
512731.771437 4478207.660859 131.738
512731.851125 4478207.660859 131.738
512731.930812 4478207.660859 131.738
512732.010500 4478207.660859 131.733
512732.090187 4478207.660859 131.733
512732.169875 4478207.660859 131.730
512731.851125 4478207.739375 131.740
512731.930812 4478207.739375 131.735
512732.010500 4478207.739375 131.734
512732.090187 4478207.739375 131.735
512732.169875 4478207.739375 131.740
512732.249562 4478207.739375 131.726
512732.010500 4478207.817891 131.736
512732.090187 4478207.817891 131.731
512732.169875 4478207.817891 131.741
512732.249562 4478207.817891 131.726
512732.329250 4478207.817891 131.735
512732.090187 4478207.896406 131.734
512732.169875 4478207.896406 131.736
512732.249562 4478207.896406 131.733
512732.329250 4478207.896406 131.733
512732.408937 4478207.896406 131.729
512732.488625 4478207.896406 131.733
512732.249562 4478207.974922 131.730
512732.329250 4478207.974922 131.731
512732.408937 4478207.974922 131.728
512732.488625 4478207.974922 131.728
512732.568312 4478207.974922 131.732
512732.648000 4478207.974922 131.728
512732.329250 4478208.053438 131.731
512732.408937 4478208.053438 131.736
512732.488625 4478208.053438 131.736
512732.568312 4478208.053438 131.734
512732.648000 4478208.053438 131.725
512732.727687 4478208.053438 131.725
512732.408937 4478208.131953 131.733
512732.488625 4478208.131953 131.733
512732.568312 4478208.131953 131.730
512732.648000 4478208.131953 131.730
512732.727687 4478208.131953 131.729
512732.807375 4478208.131953 131.725
512732.568312 4478208.210469 131.725
512732.648000 4478208.210469 131.723
512732.727687 4478208.210469 131.721
512732.807375 4478208.210469 131.731
512732.887062 4478208.210469 131.726
512732.727687 4478208.288984 131.732
512732.807375 4478208.288984 131.726
512732.887062 4478208.288984 131.731
512732.966750 4478208.288984 131.734
512733.046437 4478208.288984 131.725
512732.807375 4478208.367500 131.732
512732.887062 4478208.367500 131.733
512732.966750 4478208.367500 131.722
512733.046437 4478208.367500 131.720
512733.126125 4478208.367500 131.720
512732.966750 4478208.446016 131.725
512733.046437 4478208.446016 131.730
512733.126125 4478208.446016 131.732
512733.205812 4478208.446016 131.721
512733.285500 4478208.446016 131.725
512733.046437 4478208.524531 131.731
512733.126125 4478208.524531 131.728
512733.205812 4478208.524531 131.728
512733.285500 4478208.524531 131.728
512733.365187 4478208.524531 131.722
512733.126125 4478208.603047 131.728
512733.205812 4478208.603047 131.728
512733.285500 4478208.603047 131.727
512733.365187 4478208.603047 131.725
512733.444875 4478208.603047 131.722
512733.524562 4478208.603047 131.717
512733.205812 4478208.681563 131.725
512733.285500 4478208.681563 131.730
512733.365187 4478208.681563 131.727
512733.444875 4478208.681563 131.720
512733.524562 4478208.681563 131.725
512733.285500 4478208.760078 131.729
512733.365187 4478208.760078 131.720
512733.444875 4478208.760078 131.727
512733.524562 4478208.760078 131.725
512733.604250 4478208.760078 131.728
512733.683937 4478208.760078 131.731
512733.444875 4478208.838594 131.720
512733.524562 4478208.838594 131.726
512733.604250 4478208.838594 131.723
512733.683937 4478208.838594 131.728
512733.604250 4478208.917109 131.734
512733.683937 4478208.917109 131.729
512734.002687 4478209.074141 131.726
512734.082375 4478209.074141 131.727
512734.162062 4478209.074141 131.730
512734.002687 4478209.152656 131.728
512734.082375 4478209.152656 131.735
512734.162062 4478209.152656 131.726
512734.241750 4478209.152656 131.722
512734.082375 4478209.231172 131.723
512734.162062 4478209.231172 131.726
512734.241750 4478209.231172 131.723
512734.321437 4478209.231172 131.722
512734.082375 4478209.309687 131.727
512734.162062 4478209.309687 131.725
512734.241750 4478209.309687 131.726
512734.321437 4478209.309687 131.722
512734.401125 4478209.309687 131.723
512734.162062 4478209.388203 131.722
512734.241750 4478209.388203 131.722
512734.321437 4478209.388203 131.726
512734.401125 4478209.388203 131.729
512734.480812 4478209.388203 131.726
512734.560500 4478209.388203 131.719
512734.321437 4478209.466719 131.724
512734.401125 4478209.466719 131.724
512734.480812 4478209.466719 131.725
512734.560500 4478209.466719 131.726
512734.640187 4478209.466719 131.720
512734.401125 4478209.545234 131.734
512734.480812 4478209.545234 131.723
512734.560500 4478209.545234 131.720
512734.640187 4478209.545234 131.724
512734.719875 4478209.545234 131.726
512734.799562 4478209.545234 131.733
512734.480812 4478209.623750 131.717
512734.560500 4478209.623750 131.727
512734.640187 4478209.623750 131.726
512734.719875 4478209.623750 131.724
512734.799562 4478209.623750 131.723
512734.879250 4478209.623750 131.718
512734.640187 4478209.702266 131.720
512734.719875 4478209.702266 131.720
512734.799562 4478209.702266 131.734
512734.879250 4478209.702266 131.726
512734.958937 4478209.702266 131.721
512734.719875 4478209.780781 131.729
512734.799562 4478209.780781 131.728
512734.879250 4478209.780781 131.719
512734.958937 4478209.780781 131.727
512735.038625 4478209.780781 131.724
512735.118312 4478209.780781 131.724
512734.799562 4478209.859297 131.722
512734.879250 4478209.859297 131.718
512734.958937 4478209.859297 131.724
512735.038625 4478209.859297 131.725
512735.118312 4478209.859297 131.721
512735.198000 4478209.859297 131.719
512734.958937 4478209.937812 131.722
512735.038625 4478209.937812 131.728
512735.118312 4478209.937812 131.723
512735.198000 4478209.937812 131.724
512735.277687 4478209.937812 131.719
512735.357375 4478209.937812 131.724
512735.038625 4478210.016328 131.722
512735.118312 4478210.016328 131.724
512735.198000 4478210.016328 131.724
512735.277687 4478210.016328 131.723
512735.357375 4478210.016328 131.716
512735.437062 4478210.016328 131.713
512735.118312 4478210.094844 131.725
512735.198000 4478210.094844 131.715
512735.277687 4478210.094844 131.715
512735.357375 4478210.094844 131.716
512735.437062 4478210.094844 131.718
512735.516750 4478210.094844 131.716
512735.596437 4478210.094844 131.713
512735.277687 4478210.173359 131.723
512735.357375 4478210.173359 131.721
512735.437062 4478210.173359 131.721
512735.516750 4478210.173359 131.719
512735.596437 4478210.173359 131.717
512735.676125 4478210.173359 131.714
512735.357375 4478210.251875 131.722
512735.437062 4478210.251875 131.717
512735.516750 4478210.251875 131.723
512735.596437 4478210.251875 131.718
512735.676125 4478210.251875 131.713
512735.755812 4478210.251875 131.704
512735.437062 4478210.330391 131.720
512735.516750 4478210.330391 131.714
512735.596437 4478210.330391 131.712
512735.676125 4478210.330391 131.713
512735.755812 4478210.330391 131.714
512735.835500 4478210.330391 131.714
512735.596437 4478210.408906 131.715
512735.676125 4478210.408906 131.711
512735.755812 4478210.408906 131.715
512735.835500 4478210.408906 131.709
512735.915187 4478210.408906 131.693
512735.755812 4478210.487422 131.712
512735.835500 4478210.487422 131.699
512735.915187 4478210.487422 131.684
512735.994875 4478210.487422 131.692
512735.835500 4478210.565938 131.690
512735.915187 4478210.565938 131.689
512735.994875 4478210.565938 131.704
512736.074562 4478210.565938 131.706
512736.154250 4478210.565938 131.705
512736.233937 4478210.565938 131.694
512735.835500 4478210.644453 131.681
512735.915187 4478210.644453 131.703
512735.994875 4478210.644453 131.702
512736.074562 4478210.644453 131.703
512736.154250 4478210.644453 131.701
512736.233937 4478210.644453 131.705
512736.313625 4478210.644453 131.699
512735.915187 4478210.722969 131.705
512735.994875 4478210.722969 131.706
512736.074562 4478210.722969 131.708
512736.154250 4478210.722969 131.698
512736.233937 4478210.722969 131.704
512736.313625 4478210.722969 131.696
512736.393312 4478210.722969 131.695
512736.074562 4478210.801484 131.703
512736.154250 4478210.801484 131.706
512736.233937 4478210.801484 131.704
512736.313625 4478210.801484 131.701
512736.393312 4478210.801484 131.697
512736.473000 4478210.801484 131.689
512736.552687 4478210.801484 131.685
512736.154250 4478210.880000 131.704
512736.233937 4478210.880000 131.703
512736.313625 4478210.880000 131.701
512736.393312 4478210.880000 131.696
512736.473000 4478210.880000 131.692
512736.552687 4478210.880000 131.699
512736.632375 4478210.880000 131.696
512736.233937 4478210.958516 131.704
512736.313625 4478210.958516 131.691
512736.393312 4478210.958516 131.694
512736.473000 4478210.958516 131.696
512736.552687 4478210.958516 131.697
512736.632375 4478210.958516 131.697
512736.712062 4478210.958516 131.693
512736.791750 4478210.958516 131.690
512736.313625 4478211.037031 131.695
512736.393312 4478211.037031 131.704
512736.473000 4478211.037031 131.704
512736.552687 4478211.037031 131.702
512736.632375 4478211.037031 131.701
512736.712062 4478211.037031 131.703
512736.791750 4478211.037031 131.697
512736.871437 4478211.037031 131.695
512736.393312 4478211.115547 131.701
512736.473000 4478211.115547 131.702
512736.552687 4478211.115547 131.705
512736.632375 4478211.115547 131.699
512736.712062 4478211.115547 131.704
512736.791750 4478211.115547 131.692
512736.871437 4478211.115547 131.698
512736.951125 4478211.115547 131.701
512737.030812 4478211.115547 131.694
512723.882375 4478211.194063 131.774
512723.962062 4478211.194063 131.767
512724.041750 4478211.194063 131.762
512736.552687 4478211.194063 131.703
512736.632375 4478211.194063 131.696
512736.712062 4478211.194063 131.696
512736.791750 4478211.194063 131.700
512736.871437 4478211.194063 131.706
512736.951125 4478211.194063 131.707
512737.030812 4478211.194063 131.696
512737.110500 4478211.194063 131.692
512723.802687 4478211.272578 131.769
512723.882375 4478211.272578 131.763
512723.962062 4478211.272578 131.773
512724.041750 4478211.272578 131.763
512724.121437 4478211.272578 131.772
512724.201125 4478211.272578 131.776
512736.632375 4478211.272578 131.702
512736.712062 4478211.272578 131.702
512736.791750 4478211.272578 131.702
512736.871437 4478211.272578 131.705
512736.951125 4478211.272578 131.698
512737.030812 4478211.272578 131.702
512737.110500 4478211.272578 131.704
512737.190187 4478211.272578 131.693
512723.802687 4478211.351094 131.760
512723.882375 4478211.351094 131.770
512723.962062 4478211.351094 131.765
512724.041750 4478211.351094 131.766
512724.121437 4478211.351094 131.773
512724.201125 4478211.351094 131.770
512724.280812 4478211.351094 131.773
512736.712062 4478211.351094 131.703
512736.791750 4478211.351094 131.702
512736.871437 4478211.351094 131.704
512736.951125 4478211.351094 131.700
512737.030812 4478211.351094 131.701
512737.110500 4478211.351094 131.697
512737.190187 4478211.351094 131.697
512737.269875 4478211.351094 131.692
512723.882375 4478211.429609 131.768
512723.962062 4478211.429609 131.762
512724.041750 4478211.429609 131.765
512724.121437 4478211.429609 131.767
512724.201125 4478211.429609 131.770
512724.280812 4478211.429609 131.768
512724.360500 4478211.429609 131.769
512736.951125 4478211.429609 131.701
512737.030812 4478211.429609 131.704
512737.110500 4478211.429609 131.704
512737.190187 4478211.429609 131.701
512737.269875 4478211.429609 131.697
512737.349562 4478211.429609 131.697
512737.429250 4478211.429609 131.691
512723.962062 4478211.508125 131.781
512724.041750 4478211.508125 131.756
512724.121437 4478211.508125 131.760
512724.201125 4478211.508125 131.773
512724.280812 4478211.508125 131.768
512724.360500 4478211.508125 131.772
512724.440187 4478211.508125 131.770
512737.030812 4478211.508125 131.703
512737.110500 4478211.508125 131.698
512737.190187 4478211.508125 131.695
512737.269875 4478211.508125 131.700
512737.349562 4478211.508125 131.697
512737.429250 4478211.508125 131.704
512737.508937 4478211.508125 131.693
512724.121437 4478211.586641 131.752
512724.201125 4478211.586641 131.768
512724.280812 4478211.586641 131.772
512724.360500 4478211.586641 131.769
512724.440187 4478211.586641 131.765
512724.519875 4478211.586641 131.763
512724.599562 4478211.586641 131.760
512737.190187 4478211.586641 131.703
512737.269875 4478211.586641 131.696
512737.349562 4478211.586641 131.701
512737.429250 4478211.586641 131.698
512737.508937 4478211.586641 131.690
512737.588625 4478211.586641 131.686
512737.668312 4478211.586641 131.687
512724.201125 4478211.665156 131.763
512724.280812 4478211.665156 131.767
512724.360500 4478211.665156 131.759
512724.440187 4478211.665156 131.767
512724.519875 4478211.665156 131.759
512724.599562 4478211.665156 131.762
512724.679250 4478211.665156 131.765
512737.269875 4478211.665156 131.694
512737.349562 4478211.665156 131.705
512737.429250 4478211.665156 131.695
512737.508937 4478211.665156 131.694
512737.588625 4478211.665156 131.692
512737.668312 4478211.665156 131.688
512737.748000 4478211.665156 131.688
512724.280812 4478211.743672 131.758
512724.360500 4478211.743672 131.750
512724.440187 4478211.743672 131.770
512724.519875 4478211.743672 131.757
512724.599562 4478211.743672 131.753
512724.679250 4478211.743672 131.772
512724.758937 4478211.743672 131.762
512737.429250 4478211.743672 131.698
512737.508937 4478211.743672 131.691
512737.588625 4478211.743672 131.694
512737.668312 4478211.743672 131.697
512737.748000 4478211.743672 131.692
512737.827687 4478211.743672 131.690
512737.907375 4478211.743672 131.678
512724.440187 4478211.822188 131.761
512724.519875 4478211.822188 131.761
512724.599562 4478211.822188 131.753
512724.679250 4478211.822188 131.765
512724.758937 4478211.822188 131.760
512724.838625 4478211.822188 131.750
512724.918312 4478211.822188 131.771
512737.508937 4478211.822188 131.698
512737.588625 4478211.822188 131.691
512737.668312 4478211.822188 131.691
512737.748000 4478211.822188 131.692
512737.827687 4478211.822188 131.690
512737.907375 4478211.822188 131.688
512737.987062 4478211.822188 131.689
512724.519875 4478211.900703 131.762
512724.599562 4478211.900703 131.750
512724.679250 4478211.900703 131.757
512724.758937 4478211.900703 131.770
512724.838625 4478211.900703 131.748
512724.918312 4478211.900703 131.771
512724.998000 4478211.900703 131.768
512737.588625 4478211.900703 131.696
512737.668312 4478211.900703 131.697
512737.748000 4478211.900703 131.695
512737.827687 4478211.900703 131.695
512737.907375 4478211.900703 131.690
512737.987062 4478211.900703 131.703
512738.066750 4478211.900703 131.695
512738.146437 4478211.900703 131.681
512724.599562 4478211.979219 131.750
512724.679250 4478211.979219 131.760
512724.758937 4478211.979219 131.760
512724.838625 4478211.979219 131.760
512724.918312 4478211.979219 131.750
512724.998000 4478211.979219 131.758
512725.077687 4478211.979219 131.753
512737.668312 4478211.979219 131.697
512737.748000 4478211.979219 131.692
512737.827687 4478211.979219 131.690
512737.907375 4478211.979219 131.699
512737.987062 4478211.979219 131.700
512738.066750 4478211.979219 131.695
512738.146437 4478211.979219 131.696
512738.226125 4478211.979219 131.687
512724.679250 4478212.057734 131.758
512724.758937 4478212.057734 131.766
512724.838625 4478212.057734 131.759
512724.918312 4478212.057734 131.762
512724.998000 4478212.057734 131.756
512725.077687 4478212.057734 131.755
512725.157375 4478212.057734 131.758
512737.827687 4478212.057734 131.698
512737.907375 4478212.057734 131.701
512737.987062 4478212.057734 131.696
512738.066750 4478212.057734 131.694
512738.146437 4478212.057734 131.695
512738.226125 4478212.057734 131.694
512738.305812 4478212.057734 131.688
512724.838625 4478212.136250 131.764
512724.918312 4478212.136250 131.763
512724.998000 4478212.136250 131.756
512725.077687 4478212.136250 131.758
512725.157375 4478212.136250 131.762
512725.237062 4478212.136250 131.762
512725.316750 4478212.136250 131.762
512737.907375 4478212.136250 131.696
512737.987062 4478212.136250 131.692
512738.066750 4478212.136250 131.694
512738.146437 4478212.136250 131.699
512738.226125 4478212.136250 131.694
512738.305812 4478212.136250 131.695
512738.385500 4478212.136250 131.687
512724.918312 4478212.214766 131.747
512724.998000 4478212.214766 131.749
512725.077687 4478212.214766 131.762
512725.157375 4478212.214766 131.758
512725.237062 4478212.214766 131.773
512725.316750 4478212.214766 131.772
512725.396437 4478212.214766 131.766
512737.987062 4478212.214766 131.696
512738.066750 4478212.214766 131.697
512738.146437 4478212.214766 131.693
512738.226125 4478212.214766 131.690
512738.305812 4478212.214766 131.689
512738.385500 4478212.214766 131.693
512738.465187 4478212.214766 131.697
512738.544875 4478212.214766 131.686
512724.998000 4478212.293281 131.756
512725.077687 4478212.293281 131.756
512725.157375 4478212.293281 131.754
512725.237062 4478212.293281 131.757
512725.316750 4478212.293281 131.762
512725.396437 4478212.293281 131.762
512725.476125 4478212.293281 131.762
512738.146437 4478212.293281 131.702
512738.226125 4478212.293281 131.692
512738.305812 4478212.293281 131.695
512738.385500 4478212.293281 131.694
512738.465187 4478212.293281 131.696
512738.544875 4478212.293281 131.691
512738.624562 4478212.293281 131.691
512725.157375 4478212.371797 131.745
512725.237062 4478212.371797 131.758
512725.316750 4478212.371797 131.761
512725.396437 4478212.371797 131.764
512725.476125 4478212.371797 131.755
512725.555812 4478212.371797 131.767
512725.635500 4478212.371797 131.763
512738.226125 4478212.371797 131.691
512738.305812 4478212.371797 131.693
512738.385500 4478212.371797 131.698
512738.465187 4478212.371797 131.697
512738.544875 4478212.371797 131.700
512738.624562 4478212.371797 131.690
512738.704250 4478212.371797 131.682
512725.237062 4478212.450312 131.755
512725.316750 4478212.450312 131.757
512725.396437 4478212.450312 131.755
512725.476125 4478212.450312 131.761
512725.555812 4478212.450312 131.758
512725.635500 4478212.450312 131.750
512725.715187 4478212.450312 131.760
512738.385500 4478212.450312 131.696
512738.465187 4478212.450312 131.695
512738.544875 4478212.450312 131.690
512738.624562 4478212.450312 131.689
512738.704250 4478212.450312 131.682
512738.783937 4478212.450312 131.683
512725.316750 4478212.528828 131.755
512725.396437 4478212.528828 131.760
512725.476125 4478212.528828 131.763
512725.555812 4478212.528828 131.761
512725.635500 4478212.528828 131.752
512725.715187 4478212.528828 131.755
512725.794875 4478212.528828 131.768
512738.465187 4478212.528828 131.692
512738.544875 4478212.528828 131.694
512738.624562 4478212.528828 131.692
512738.704250 4478212.528828 131.680
512738.783937 4478212.528828 131.687
512738.863625 4478212.528828 131.686
512738.943312 4478212.528828 131.692
512725.396437 4478212.607344 131.752
512725.476125 4478212.607344 131.748
512725.555812 4478212.607344 131.766
512725.635500 4478212.607344 131.746
512725.715187 4478212.607344 131.760
512725.794875 4478212.607344 131.761
512725.874562 4478212.607344 131.757
512738.544875 4478212.607344 131.689
512738.624562 4478212.607344 131.685
512738.704250 4478212.607344 131.692
512738.783937 4478212.607344 131.691
512738.863625 4478212.607344 131.693
512738.943312 4478212.607344 131.690
512739.023000 4478212.607344 131.686
512725.555812 4478212.685859 131.753
512725.635500 4478212.685859 131.752
512725.715187 4478212.685859 131.755
512725.794875 4478212.685859 131.758
512725.874562 4478212.685859 131.758
512725.954250 4478212.685859 131.754
512738.704250 4478212.685859 131.690
512738.783937 4478212.685859 131.688
512738.863625 4478212.685859 131.685
512738.943312 4478212.685859 131.688
512739.023000 4478212.685859 131.686
512739.102687 4478212.685859 131.692
512725.635500 4478212.764375 131.751
512725.715187 4478212.764375 131.744
512725.794875 4478212.764375 131.764
512725.874562 4478212.764375 131.755
512725.954250 4478212.764375 131.753
512726.033937 4478212.764375 131.766
512726.113625 4478212.764375 131.762
512738.783937 4478212.764375 131.687
512738.863625 4478212.764375 131.689
512738.943312 4478212.764375 131.691
512739.023000 4478212.764375 131.690
512725.715187 4478212.842891 131.747
512725.794875 4478212.842891 131.766
512725.874562 4478212.842891 131.748
512725.954250 4478212.842891 131.748
512726.033937 4478212.842891 131.753
512726.193312 4478212.842891 131.751
512738.943312 4478212.842891 131.692
512725.794875 4478212.921406 131.752
512725.874562 4478212.921406 131.756
512725.954250 4478212.921406 131.764
512726.033937 4478212.921406 131.749
512726.113625 4478212.921406 131.751
512726.193312 4478212.921406 131.754
512726.273000 4478212.921406 131.752
512725.954250 4478212.999922 131.749
512726.033937 4478212.999922 131.751
512726.113625 4478212.999922 131.743
512726.193312 4478212.999922 131.755
512726.273000 4478212.999922 131.750
512726.352687 4478212.999922 131.759
512726.033937 4478213.078437 131.745
512726.113625 4478213.078437 131.751
512726.193312 4478213.078437 131.751
512726.273000 4478213.078437 131.748
512726.352687 4478213.078437 131.761
512726.432375 4478213.078437 131.759
512732.408937 4478213.078437 131.778
512732.488625 4478213.078437 131.767
512732.568312 4478213.078437 131.765
512726.113625 4478213.156953 131.756
512726.193312 4478213.156953 131.744
512726.273000 4478213.156953 131.754
512726.352687 4478213.156953 131.756
512726.432375 4478213.156953 131.756
512726.512062 4478213.156953 131.750
512732.408937 4478213.156953 131.769
512732.488625 4478213.156953 131.768
512732.568312 4478213.156953 131.767
512732.648000 4478213.156953 131.773
512726.273000 4478213.235469 131.744
512726.352687 4478213.235469 131.746
512726.432375 4478213.235469 131.740
512726.512062 4478213.235469 131.745
512726.591750 4478213.235469 131.754
512732.488625 4478213.235469 131.769
512732.568312 4478213.235469 131.768
512732.648000 4478213.235469 131.760
512732.727687 4478213.235469 131.765
512732.807375 4478213.235469 131.766
512732.887062 4478213.235469 131.765
512726.352687 4478213.313984 131.741
512726.432375 4478213.313984 131.749
512726.512062 4478213.313984 131.747
512726.591750 4478213.313984 131.766
512726.671437 4478213.313984 131.748
512732.727687 4478213.313984 131.766
512732.807375 4478213.313984 131.766
512732.887062 4478213.313984 131.768
512732.966750 4478213.313984 131.767
512726.512062 4478213.392500 131.744
512726.591750 4478213.392500 131.748
512726.671437 4478213.392500 131.739
512726.751125 4478213.392500 131.737
512726.830812 4478213.392500 131.749
512732.727687 4478213.392500 131.767
512732.807375 4478213.392500 131.765
512732.887062 4478213.392500 131.770
512732.966750 4478213.392500 131.766
512733.046437 4478213.392500 131.761
512726.591750 4478213.471016 131.744
512726.671437 4478213.471016 131.744
512726.751125 4478213.471016 131.740
512726.830812 4478213.471016 131.745
512726.910500 4478213.471016 131.742
512726.990187 4478213.471016 131.737
512732.807375 4478213.471016 131.770
512732.887062 4478213.471016 131.766
512732.966750 4478213.471016 131.766
512733.046437 4478213.471016 131.767
512733.126125 4478213.471016 131.773
512726.671437 4478213.549531 131.740
512726.751125 4478213.549531 131.746
512726.830812 4478213.549531 131.743
512726.910500 4478213.549531 131.745
512726.990187 4478213.549531 131.743
512727.069875 4478213.549531 131.748
512732.887062 4478213.549531 131.767
512732.966750 4478213.549531 131.762
512733.046437 4478213.549531 131.778
512733.126125 4478213.549531 131.772
512733.205812 4478213.549531 131.757
512733.285500 4478213.549531 131.768
512726.751125 4478213.628047 131.743
512726.830812 4478213.628047 131.738
512726.910500 4478213.628047 131.744
512726.990187 4478213.628047 131.744
512727.069875 4478213.628047 131.738
512727.149562 4478213.628047 131.746
512727.229250 4478213.628047 131.754
512733.046437 4478213.628047 131.765
512733.126125 4478213.628047 131.771
512733.205812 4478213.628047 131.765
512733.285500 4478213.628047 131.774
512733.365187 4478213.628047 131.781
512726.830812 4478213.706563 131.733
512726.910500 4478213.706563 131.731
512726.990187 4478213.706563 131.752
512727.069875 4478213.706563 131.735
512727.149562 4478213.706563 131.742
512727.229250 4478213.706563 131.752
512727.308937 4478213.706563 131.746
512733.046437 4478213.706563 131.774
512733.126125 4478213.706563 131.762
512733.205812 4478213.706563 131.768
512733.285500 4478213.706563 131.783
512733.365187 4478213.706563 131.771
512733.444875 4478213.706563 131.766
512733.524562 4478213.706563 131.760
512726.910500 4478213.785078 131.739
512726.990187 4478213.785078 131.737
512727.069875 4478213.785078 131.738
512727.149562 4478213.785078 131.725
512727.229250 4478213.785078 131.753
512727.308937 4478213.785078 131.742
512727.388625 4478213.785078 131.738
512733.126125 4478213.785078 131.763
512733.205812 4478213.785078 131.776
512733.285500 4478213.785078 131.778
512733.365187 4478213.785078 131.769
512733.444875 4478213.785078 131.770
512733.524562 4478213.785078 131.764
512733.604250 4478213.785078 131.770
512733.683937 4478213.785078 131.768
512726.990187 4478213.863594 131.739
512727.069875 4478213.863594 131.745
512727.149562 4478213.863594 131.731
512727.229250 4478213.863594 131.737
512727.308937 4478213.863594 131.743
512727.388625 4478213.863594 131.738
512727.468312 4478213.863594 131.749
512727.548000 4478213.863594 131.749
512733.126125 4478213.863594 131.769
512733.205812 4478213.863594 131.775
512733.285500 4478213.863594 131.772
512733.365187 4478213.863594 131.772
512733.444875 4478213.863594 131.766
512733.524562 4478213.863594 131.769
512733.604250 4478213.863594 131.775
512733.683937 4478213.863594 131.773
512733.763625 4478213.863594 131.768
512727.149562 4478213.942109 131.731
512727.229250 4478213.942109 131.737
512727.308937 4478213.942109 131.744
512727.388625 4478213.942109 131.738
512727.468312 4478213.942109 131.745
512727.548000 4478213.942109 131.736
512727.627687 4478213.942109 131.737
512733.205812 4478213.942109 131.774
512733.285500 4478213.942109 131.768
512733.365187 4478213.942109 131.771
512733.444875 4478213.942109 131.765
512733.524562 4478213.942109 131.779
512733.604250 4478213.942109 131.774
512733.683937 4478213.942109 131.770
512733.763625 4478213.942109 131.765
512733.843312 4478213.942109 131.778
512727.229250 4478214.020625 131.739
512727.308937 4478214.020625 131.733
512727.388625 4478214.020625 131.743
512727.468312 4478214.020625 131.734
512727.548000 4478214.020625 131.738
512727.627687 4478214.020625 131.751
512727.707375 4478214.020625 131.747
512733.285500 4478214.020625 131.768
512733.365187 4478214.020625 131.765
512733.444875 4478214.020625 131.778
512733.524562 4478214.020625 131.775
512733.604250 4478214.020625 131.771
512733.683937 4478214.020625 131.772
512733.763625 4478214.020625 131.773
512733.843312 4478214.020625 131.766
512733.923000 4478214.020625 131.766
512727.388625 4478214.099141 131.734
512727.468312 4478214.099141 131.737
512727.548000 4478214.099141 131.738
512727.627687 4478214.099141 131.742
512727.707375 4478214.099141 131.746
512727.787062 4478214.099141 131.738
512727.866750 4478214.099141 131.740
512733.365187 4478214.099141 131.769
512733.444875 4478214.099141 131.779
512733.524562 4478214.099141 131.771
512733.604250 4478214.099141 131.774
512733.683937 4478214.099141 131.769
512733.763625 4478214.099141 131.769
512733.843312 4478214.099141 131.767
512733.923000 4478214.099141 131.760
512734.002687 4478214.099141 131.774
512727.468312 4478214.177656 131.735
512727.548000 4478214.177656 131.738
512727.627687 4478214.177656 131.747
512727.707375 4478214.177656 131.743
512727.787062 4478214.177656 131.744
512727.866750 4478214.177656 131.739
512727.946437 4478214.177656 131.741
512733.444875 4478214.177656 131.773
512733.524562 4478214.177656 131.772
512733.604250 4478214.177656 131.770
512733.683937 4478214.177656 131.770
512733.763625 4478214.177656 131.769
512733.843312 4478214.177656 131.772
512733.923000 4478214.177656 131.769
512734.002687 4478214.177656 131.769
512734.082375 4478214.177656 131.760
512727.548000 4478214.256172 131.731
512727.627687 4478214.256172 131.740
512727.707375 4478214.256172 131.741
512727.787062 4478214.256172 131.734
512727.866750 4478214.256172 131.735
512727.946437 4478214.256172 131.732
512728.026125 4478214.256172 131.742
512733.604250 4478214.256172 131.767
512733.683937 4478214.256172 131.779
512733.763625 4478214.256172 131.767
512733.843312 4478214.256172 131.773
512733.923000 4478214.256172 131.766
512734.002687 4478214.256172 131.760
512734.082375 4478214.256172 131.766
512734.162062 4478214.256172 131.762
512727.627687 4478214.334688 131.740
512727.707375 4478214.334688 131.735
512727.787062 4478214.334688 131.734
512727.866750 4478214.334688 131.738
512727.946437 4478214.334688 131.731
512728.026125 4478214.334688 131.745
512728.105812 4478214.334688 131.743
512733.763625 4478214.334688 131.773
512733.843312 4478214.334688 131.765
512733.923000 4478214.334688 131.763
512734.002687 4478214.334688 131.764
512734.082375 4478214.334688 131.760
512734.162062 4478214.334688 131.767
512734.241750 4478214.334688 131.763
512734.321437 4478214.334688 131.753
512734.401125 4478214.334688 131.768
512727.787062 4478214.413203 131.732
512727.866750 4478214.413203 131.736
512727.946437 4478214.413203 131.737
512728.026125 4478214.413203 131.734
512728.105812 4478214.413203 131.738
512728.185500 4478214.413203 131.733
512728.265187 4478214.413203 131.743
512733.843312 4478214.413203 131.757
512733.923000 4478214.413203 131.765
512734.002687 4478214.413203 131.766
512734.082375 4478214.413203 131.763
512734.162062 4478214.413203 131.764
512734.241750 4478214.413203 131.767
512734.321437 4478214.413203 131.760
512734.401125 4478214.413203 131.769
512734.480812 4478214.413203 131.766
512727.866750 4478214.491719 131.746
512727.946437 4478214.491719 131.726
512728.026125 4478214.491719 131.736
512728.105812 4478214.491719 131.737
512728.185500 4478214.491719 131.728
512728.265187 4478214.491719 131.737
512728.344875 4478214.491719 131.740
512733.923000 4478214.491719 131.766
512734.002687 4478214.491719 131.767
512734.082375 4478214.491719 131.763
512734.162062 4478214.491719 131.767
512734.241750 4478214.491719 131.752
512734.321437 4478214.491719 131.763
512734.401125 4478214.491719 131.769
512734.480812 4478214.491719 131.763
512734.560500 4478214.491719 131.765
512727.946437 4478214.570234 131.725
512728.026125 4478214.570234 131.732
512728.105812 4478214.570234 131.739
512728.185500 4478214.570234 131.733
512728.265187 4478214.570234 131.734
512728.344875 4478214.570234 131.733
512728.424562 4478214.570234 131.741
512734.082375 4478214.570234 131.762
512734.162062 4478214.570234 131.767
512734.241750 4478214.570234 131.758
512734.321437 4478214.570234 131.769
512734.401125 4478214.570234 131.773
512734.480812 4478214.570234 131.763
512734.560500 4478214.570234 131.778
512734.640187 4478214.570234 131.753
512728.026125 4478214.648750 131.725
512728.105812 4478214.648750 131.737
512728.185500 4478214.648750 131.737
512728.265187 4478214.648750 131.725
512728.344875 4478214.648750 131.735
512728.424562 4478214.648750 131.741
512728.504250 4478214.648750 131.729
512728.583937 4478214.648750 131.739
512734.162062 4478214.648750 131.768
512734.241750 4478214.648750 131.762
512734.321437 4478214.648750 131.770
512734.401125 4478214.648750 131.764
512734.480812 4478214.648750 131.770
512734.560500 4478214.648750 131.753
512734.640187 4478214.648750 131.760
512734.719875 4478214.648750 131.759
512734.799562 4478214.648750 131.757
512728.185500 4478214.727266 131.746
512728.265187 4478214.727266 131.732
512728.344875 4478214.727266 131.733
512728.424562 4478214.727266 131.732
512728.504250 4478214.727266 131.724
512728.583937 4478214.727266 131.739
512728.663625 4478214.727266 131.727
512734.241750 4478214.727266 131.764
512734.321437 4478214.727266 131.771
512734.401125 4478214.727266 131.763
512734.480812 4478214.727266 131.763
512734.560500 4478214.727266 131.758
512734.640187 4478214.727266 131.765
512734.719875 4478214.727266 131.756
512734.799562 4478214.727266 131.760
512734.879250 4478214.727266 131.756
512728.265187 4478214.805781 131.726
512728.344875 4478214.805781 131.725
512728.424562 4478214.805781 131.733
512728.504250 4478214.805781 131.726
512728.583937 4478214.805781 131.727
512728.663625 4478214.805781 131.727
512728.743312 4478214.805781 131.734
512734.321437 4478214.805781 131.762
512734.401125 4478214.805781 131.762
512734.480812 4478214.805781 131.755
512734.560500 4478214.805781 131.765
512734.640187 4478214.805781 131.761
512734.719875 4478214.805781 131.762
512734.799562 4478214.805781 131.759
512734.879250 4478214.805781 131.758
512728.344875 4478214.884297 131.728
512728.424562 4478214.884297 131.723
512728.504250 4478214.884297 131.732
512728.583937 4478214.884297 131.722
512728.663625 4478214.884297 131.740
512728.743312 4478214.884297 131.731
512728.823000 4478214.884297 131.725
512734.401125 4478214.884297 131.760
512734.480812 4478214.884297 131.759
512734.560500 4478214.884297 131.763
512734.640187 4478214.884297 131.761
512734.719875 4478214.884297 131.763
512734.799562 4478214.884297 131.761
512734.879250 4478214.884297 131.776
512734.958937 4478214.884297 131.759
512728.424562 4478214.962813 131.722
512728.504250 4478214.962813 131.727
512728.583937 4478214.962813 131.725
512728.663625 4478214.962813 131.731
512728.743312 4478214.962813 131.728
512728.823000 4478214.962813 131.734
512728.902687 4478214.962813 131.730
512734.480812 4478214.962813 131.773
512734.560500 4478214.962813 131.761
512734.640187 4478214.962813 131.761
512734.719875 4478214.962813 131.763
512734.799562 4478214.962813 131.761
512734.879250 4478214.962813 131.761
512734.958937 4478214.962813 131.758
512728.583937 4478215.041328 131.716
512728.663625 4478215.041328 131.726
512728.743312 4478215.041328 131.735
512728.823000 4478215.041328 131.720
512728.902687 4478215.041328 131.725
512728.982375 4478215.041328 131.729
512729.062062 4478215.041328 131.733
512734.560500 4478215.041328 131.762
512734.640187 4478215.041328 131.766
512734.719875 4478215.041328 131.752
512734.799562 4478215.041328 131.771
512734.879250 4478215.041328 131.759
512734.958937 4478215.041328 131.757
512735.198000 4478215.041328 131.753
512728.663625 4478215.119844 131.720
512728.743312 4478215.119844 131.725
512728.823000 4478215.119844 131.725
512728.902687 4478215.119844 131.725
512728.982375 4478215.119844 131.728
512729.062062 4478215.119844 131.723
512729.141750 4478215.119844 131.726
512734.799562 4478215.119844 131.760
512734.879250 4478215.119844 131.760
512735.198000 4478215.119844 131.746
512735.277687 4478215.119844 131.754
512735.357375 4478215.119844 131.755
512735.437062 4478215.119844 131.743
512735.516750 4478215.119844 131.756
512728.743312 4478215.198359 131.722
512728.823000 4478215.198359 131.721
512728.902687 4478215.198359 131.727
512728.982375 4478215.198359 131.714
512729.062062 4478215.198359 131.722
512729.141750 4478215.198359 131.726
512729.221437 4478215.198359 131.725
512735.198000 4478215.198359 131.749
512735.277687 4478215.198359 131.757
512735.357375 4478215.198359 131.753
512735.437062 4478215.198359 131.749
512735.516750 4478215.198359 131.757
512728.902687 4478215.276875 131.727
512728.982375 4478215.276875 131.730
512729.062062 4478215.276875 131.722
512729.141750 4478215.276875 131.722
512729.221437 4478215.276875 131.720
512729.301125 4478215.276875 131.735
512735.198000 4478215.276875 131.752
512735.277687 4478215.276875 131.757
512735.357375 4478215.276875 131.750
512735.437062 4478215.276875 131.756
512735.516750 4478215.276875 131.763
512735.596437 4478215.276875 131.753
512728.982375 4478215.355391 131.720
512729.062062 4478215.355391 131.720
512729.141750 4478215.355391 131.730
512729.221437 4478215.355391 131.728
512729.301125 4478215.355391 131.716
512729.380812 4478215.355391 131.727
512735.198000 4478215.355391 131.759
512735.277687 4478215.355391 131.757
512735.357375 4478215.355391 131.752
512735.437062 4478215.355391 131.762
512735.516750 4478215.355391 131.760
512735.596437 4478215.355391 131.750
512729.062062 4478215.433906 131.715
512729.141750 4478215.433906 131.730
512729.221437 4478215.433906 131.730
512729.301125 4478215.433906 131.718
512729.380812 4478215.433906 131.721
512729.460500 4478215.433906 131.723
512735.198000 4478215.433906 131.758
512735.277687 4478215.433906 131.763
512735.357375 4478215.433906 131.748
512735.437062 4478215.433906 131.760
512735.516750 4478215.433906 131.758
512735.596437 4478215.433906 131.753
512729.141750 4478215.512422 131.721
512729.221437 4478215.512422 131.724
512729.301125 4478215.512422 131.723
512729.380812 4478215.512422 131.706
512729.460500 4478215.512422 131.719
512729.540187 4478215.512422 131.729
512729.619875 4478215.512422 131.719
512735.198000 4478215.512422 131.758
512735.277687 4478215.512422 131.746
512735.357375 4478215.512422 131.757
512735.437062 4478215.512422 131.763
512735.516750 4478215.512422 131.753
512729.301125 4478215.590937 131.721
512729.380812 4478215.590937 131.714
512729.460500 4478215.590937 131.722
512729.540187 4478215.590937 131.737
512729.619875 4478215.590937 131.719
512729.699562 4478215.590937 131.727
512735.198000 4478215.590937 131.753
512735.277687 4478215.590937 131.745
512735.357375 4478215.590937 131.758
512735.437062 4478215.590937 131.755
512735.516750 4478215.590937 131.758
512729.380812 4478215.669453 131.713
512729.460500 4478215.669453 131.717
512729.540187 4478215.669453 131.720
512729.619875 4478215.669453 131.723
512729.699562 4478215.669453 131.726
512729.779250 4478215.669453 131.736
512735.118312 4478215.669453 131.756
512735.198000 4478215.669453 131.750
512735.277687 4478215.669453 131.752
512735.357375 4478215.669453 131.756
512735.437062 4478215.669453 131.752
512729.460500 4478215.747969 131.721
512729.540187 4478215.747969 131.733
512729.619875 4478215.747969 131.715
512729.699562 4478215.747969 131.716
512729.779250 4478215.747969 131.723
512729.858937 4478215.747969 131.715
512735.118312 4478215.747969 131.751
512735.198000 4478215.747969 131.746
512735.277687 4478215.747969 131.757
512735.357375 4478215.747969 131.747
512735.437062 4478215.747969 131.751
512729.619875 4478215.826484 131.718
512729.699562 4478215.826484 131.722
512729.779250 4478215.826484 131.720
512729.858937 4478215.826484 131.715
512729.938625 4478215.826484 131.713
512730.018312 4478215.826484 131.717
512735.118312 4478215.826484 131.747
512735.198000 4478215.826484 131.744
512735.277687 4478215.826484 131.749
512735.357375 4478215.826484 131.747
512735.437062 4478215.826484 131.748
512729.699562 4478215.905000 131.715
512729.779250 4478215.905000 131.719
512729.858937 4478215.905000 131.717
512729.938625 4478215.905000 131.715
512730.018312 4478215.905000 131.717
512730.098000 4478215.905000 131.713
512735.118312 4478215.905000 131.749
512735.198000 4478215.905000 131.736
512735.277687 4478215.905000 131.746
512735.357375 4478215.905000 131.746
512729.779250 4478215.983516 131.709
512729.858937 4478215.983516 131.710
512729.938625 4478215.983516 131.717
512730.018312 4478215.983516 131.715
512730.098000 4478215.983516 131.713
512730.177687 4478215.983516 131.719
512735.118312 4478215.983516 131.738
512735.198000 4478215.983516 131.744
512735.277687 4478215.983516 131.745
512729.858937 4478216.062031 131.709
512729.938625 4478216.062031 131.716
512730.018312 4478216.062031 131.711
512730.098000 4478216.062031 131.713
512730.177687 4478216.062031 131.716
512730.257375 4478216.062031 131.705
512735.198000 4478216.062031 131.742
512729.938625 4478216.140547 131.712
512730.018312 4478216.140547 131.712
512730.098000 4478216.140547 131.712
512730.177687 4478216.140547 131.708
512730.257375 4478216.140547 131.714
512730.337062 4478216.140547 131.702
512730.416750 4478216.140547 131.704
512730.098000 4478216.219062 131.705
512730.177687 4478216.219062 131.711
512730.257375 4478216.219062 131.713
512730.337062 4478216.219062 131.703
512730.416750 4478216.219062 131.704
512730.496437 4478216.219062 131.710
512730.177687 4478216.297578 131.704
512730.257375 4478216.297578 131.713
512730.337062 4478216.297578 131.710
512730.416750 4478216.297578 131.703
512730.496437 4478216.297578 131.713
512730.576125 4478216.297578 131.707
512730.337062 4478216.376094 131.722
512730.416750 4478216.376094 131.699
512730.496437 4478216.376094 131.701
512730.576125 4478216.376094 131.700
512730.655812 4478216.376094 131.699
512730.735500 4478216.376094 131.703
512730.416750 4478216.454609 131.699
512730.496437 4478216.454609 131.698
512730.576125 4478216.454609 131.715
512730.655812 4478216.454609 131.699
512730.735500 4478216.454609 131.697
512730.815187 4478216.454609 131.704
512730.496437 4478216.533125 131.698
512730.576125 4478216.533125 131.709
512730.655812 4478216.533125 131.690
512730.735500 4478216.533125 131.707
512730.815187 4478216.533125 131.691
512730.576125 4478216.611641 131.701
512730.655812 4478216.611641 131.692
512730.735500 4478216.611641 131.688
512730.815187 4478216.611641 131.690
512730.894875 4478216.611641 131.678
512730.974562 4478216.611641 131.700
512730.655812 4478216.690156 131.686
512730.735500 4478216.690156 131.680
512730.815187 4478216.690156 131.686
512730.894875 4478216.690156 131.688
512730.974562 4478216.690156 131.690
512731.054250 4478216.690156 131.700
512731.133937 4478216.690156 131.699
512731.213625 4478216.690156 131.701
512730.894875 4478216.768672 131.681
512730.974562 4478216.768672 131.687
512731.054250 4478216.768672 131.691
512731.133937 4478216.768672 131.689
512731.213625 4478216.768672 131.696
512731.293312 4478216.768672 131.700
512730.974562 4478216.847188 131.684
512731.054250 4478216.847188 131.683
512731.133937 4478216.847188 131.689
512731.213625 4478216.847188 131.699
512731.293312 4478216.847188 131.700
512731.373000 4478216.847188 131.703
512731.452687 4478216.847188 131.702
512731.054250 4478216.925703 131.685
512731.133937 4478216.925703 131.680
512731.213625 4478216.925703 131.694
512731.293312 4478216.925703 131.707
512731.373000 4478216.925703 131.698
512731.452687 4478216.925703 131.699
512731.532375 4478216.925703 131.703
512731.133937 4478217.004219 131.686
512731.213625 4478217.004219 131.691
512731.293312 4478217.004219 131.690
512731.373000 4478217.004219 131.683
512731.452687 4478217.004219 131.696
512731.532375 4478217.004219 131.708
512731.612062 4478217.004219 131.706
512731.293312 4478217.082734 131.694
512731.373000 4478217.082734 131.705
512731.452687 4478217.082734 131.682
512731.532375 4478217.082734 131.705
512731.612062 4478217.082734 131.697
512731.691750 4478217.082734 131.695
512731.373000 4478217.161250 131.689
512731.452687 4478217.161250 131.680
512731.532375 4478217.161250 131.690
512731.612062 4478217.161250 131.696
512731.691750 4478217.161250 131.697
512731.771437 4478217.161250 131.704
512731.452687 4478217.239766 131.680
512731.532375 4478217.239766 131.685
512731.612062 4478217.239766 131.693
512731.691750 4478217.239766 131.698
512731.771437 4478217.239766 131.700
512731.851125 4478217.239766 131.701
512731.930812 4478217.239766 131.701
512731.532375 4478217.318281 131.682
512731.612062 4478217.318281 131.688
512731.691750 4478217.318281 131.698
512731.771437 4478217.318281 131.690
512731.851125 4478217.318281 131.695
512731.930812 4478217.318281 131.717
512732.010500 4478217.318281 131.693
512731.612062 4478217.396797 131.688
512731.691750 4478217.396797 131.696
512731.771437 4478217.396797 131.680
512731.851125 4478217.396797 131.691
512731.930812 4478217.396797 131.696
512732.010500 4478217.396797 131.693
512732.090187 4478217.396797 131.690
512732.169875 4478217.396797 131.678
512731.691750 4478217.475313 131.686
512731.771437 4478217.475313 131.687
512731.851125 4478217.475313 131.690
512731.930812 4478217.475313 131.689
512732.010500 4478217.475313 131.684
512732.090187 4478217.475313 131.685
512732.169875 4478217.475313 131.699
512731.851125 4478217.553828 131.667
512731.930812 4478217.553828 131.676
512732.010500 4478217.553828 131.679
512732.090187 4478217.553828 131.691
512732.169875 4478217.553828 131.698
512732.249562 4478217.553828 131.697
512731.930812 4478217.632344 131.677
512732.010500 4478217.632344 131.673
512732.090187 4478217.632344 131.678
512732.169875 4478217.632344 131.686
512732.249562 4478217.632344 131.691
512732.329250 4478217.632344 131.685
512732.090187 4478217.710859 131.677
512732.169875 4478217.710859 131.693
512732.249562 4478217.710859 131.668
512732.329250 4478217.710859 131.698
512732.408937 4478217.710859 131.689
512732.488625 4478217.710859 131.690
512732.169875 4478217.789375 131.675
512732.249562 4478217.789375 131.675
512732.329250 4478217.789375 131.674
512732.408937 4478217.789375 131.685
512732.488625 4478217.789375 131.688
512732.568312 4478217.789375 131.691
512732.249562 4478217.867891 131.661
512732.329250 4478217.867891 131.665
512732.408937 4478217.867891 131.675
512732.488625 4478217.867891 131.680
512732.568312 4478217.867891 131.691
512732.648000 4478217.867891 131.693
512732.408937 4478217.946406 131.672
512732.488625 4478217.946406 131.669
512732.568312 4478217.946406 131.672
512732.648000 4478217.946406 131.680
512732.727687 4478217.946406 131.679
512732.648000 4478218.024922 131.688
512732.727687 4478218.024922 131.697
512732.807375 4478218.024922 131.683
512732.887062 4478218.024922 131.696
512732.727687 4478218.103438 131.684
512732.807375 4478218.103438 131.674
512732.887062 4478218.103438 131.704
512732.966750 4478218.103438 131.694
512732.807375 4478218.181953 131.672
512732.887062 4478218.181953 131.696
512732.966750 4478218.181953 131.688
512733.046437 4478218.181953 131.682
512733.126125 4478218.181953 131.684
512732.807375 4478218.260469 131.661
512732.887062 4478218.260469 131.673
512732.966750 4478218.260469 131.685
512733.046437 4478218.260469 131.680
512733.126125 4478218.260469 131.685
512733.205812 4478218.260469 131.688
512732.966750 4478218.338984 131.676
512733.046437 4478218.338984 131.672
512733.126125 4478218.338984 131.685
512733.205812 4478218.338984 131.681
512733.285500 4478218.338984 131.683
512733.046437 4478218.417500 131.664
512733.126125 4478218.417500 131.670
512733.205812 4478218.417500 131.682
512733.285500 4478218.417500 131.673
512733.365187 4478218.417500 131.682
512733.126125 4478218.496016 131.666
512733.205812 4478218.496016 131.668
512733.285500 4478218.496016 131.675
512733.365187 4478218.496016 131.689
512733.444875 4478218.496016 131.684
512733.524562 4478218.496016 131.681
512733.205812 4478218.574531 131.662
512733.285500 4478218.574531 131.673
512733.365187 4478218.574531 131.685
512733.444875 4478218.574531 131.675
512733.524562 4478218.574531 131.687
512733.604250 4478218.574531 131.685
512733.285500 4478218.653047 131.672
512733.365187 4478218.653047 131.668
512733.444875 4478218.653047 131.673
512733.524562 4478218.653047 131.679
512733.604250 4478218.653047 131.683
512733.683937 4478218.653047 131.686
512733.444875 4478218.731562 131.669
512733.524562 4478218.731562 131.669
512733.604250 4478218.731562 131.679
512733.683937 4478218.731562 131.681
512733.763625 4478218.731562 131.688
512733.524562 4478218.810078 131.663
512733.604250 4478218.810078 131.668
512733.683937 4478218.810078 131.679
