512739.036586 4478212.681383 131.690
512739.114906 4478212.681383 131.689
512739.193227 4478212.681383 131.687
512738.958266 4478212.762828 131.683
512739.036586 4478212.762828 131.692
512739.114906 4478212.762828 131.693
512739.193227 4478212.762828 131.688
512739.271547 4478212.762828 131.683
512738.879945 4478212.844273 131.681
512738.958266 4478212.844273 131.688
512739.036586 4478212.844273 131.693
512739.114906 4478212.844273 131.690
512739.193227 4478212.844273 131.687
512739.271547 4478212.844273 131.686
512739.349867 4478212.844273 131.687
512739.428188 4478212.844273 131.684
512738.879945 4478212.925719 131.691
512738.958266 4478212.925719 131.694
512739.036586 4478212.925719 131.689
512739.114906 4478212.925719 131.684
512739.193227 4478212.925719 131.685
512739.271547 4478212.925719 131.690
512739.349867 4478212.925719 131.692
512739.428188 4478212.925719 131.693
512739.506508 4478212.925719 131.689
512739.036586 4478213.007164 131.689
512739.114906 4478213.007164 131.688
512739.193227 4478213.007164 131.690
512739.271547 4478213.007164 131.695
512739.349867 4478213.007164 131.689
512739.428188 4478213.007164 131.690
512739.506508 4478213.007164 131.679
512739.584828 4478213.007164 131.681
512739.193227 4478213.088609 131.688
512739.271547 4478213.088609 131.690
512739.349867 4478213.088609 131.688
512739.428188 4478213.088609 131.693
512739.506508 4478213.088609 131.688
512739.584828 4478213.088609 131.693
512739.663148 4478213.088609 131.689
512739.741469 4478213.088609 131.681
512739.349867 4478213.170055 131.688
512739.428188 4478213.170055 131.684
512739.506508 4478213.170055 131.690
512739.584828 4478213.170055 131.691
512739.663148 4478213.170055 131.687
512739.741469 4478213.170055 131.690
512739.819789 4478213.170055 131.687
512739.506508 4478213.251500 131.695
512739.584828 4478213.251500 131.689
512739.663148 4478213.251500 131.685
512739.741469 4478213.251500 131.681
512739.819789 4478213.251500 131.683
512739.898109 4478213.251500 131.679
512739.584828 4478213.332945 131.680
512739.663148 4478213.332945 131.686
512739.741469 4478213.332945 131.690
512739.819789 4478213.332945 131.687
512739.898109 4478213.332945 131.680
512739.976430 4478213.332945 131.680
512740.054750 4478213.332945 131.678
512739.663148 4478213.414391 131.692
512739.741469 4478213.414391 131.683
512739.819789 4478213.414391 131.681
512739.898109 4478213.414391 131.681
512739.976430 4478213.414391 131.690
512740.054750 4478213.414391 131.686
512740.133070 4478213.414391 131.684
512739.819789 4478213.495836 131.682
512739.898109 4478213.495836 131.687
512739.976430 4478213.495836 131.680
512740.054750 4478213.495836 131.681
512740.133070 4478213.495836 131.684
512740.211391 4478213.495836 131.685
512740.289711 4478213.495836 131.684
512739.898109 4478213.577281 131.680
512739.976430 4478213.577281 131.681
512740.054750 4478213.577281 131.687
512740.133070 4478213.577281 131.684
512740.211391 4478213.577281 131.690
512740.289711 4478213.577281 131.688
512740.368031 4478213.577281 131.678
512740.446352 4478213.577281 131.673
512739.976430 4478213.658727 131.689
512740.054750 4478213.658727 131.685
512740.133070 4478213.658727 131.687
512740.211391 4478213.658727 131.686
512740.289711 4478213.658727 131.684
512740.368031 4478213.658727 131.685
512740.446352 4478213.658727 131.684
512740.524672 4478213.658727 131.682
512740.054750 4478213.740172 131.689
512740.133070 4478213.740172 131.687
512740.211391 4478213.740172 131.681
512740.289711 4478213.740172 131.683
512740.368031 4478213.740172 131.688
512740.446352 4478213.740172 131.683
512740.524672 4478213.740172 131.682
512740.602992 4478213.740172 131.681
512740.681313 4478213.740172 131.670
512740.211391 4478213.821617 131.683
512740.289711 4478213.821617 131.686
512740.368031 4478213.821617 131.689
512740.446352 4478213.821617 131.685
512740.524672 4478213.821617 131.685
512740.602992 4478213.821617 131.675
512740.681313 4478213.821617 131.675
512740.759633 4478213.821617 131.666
512740.289711 4478213.903063 131.688
512740.368031 4478213.903063 131.683
512740.446352 4478213.903063 131.675
512740.524672 4478213.903063 131.677
512740.602992 4478213.903063 131.681
512740.681313 4478213.903063 131.677
512740.759633 4478213.903063 131.678
512740.837953 4478213.903063 131.678
512740.524672 4478213.984508 131.680
512740.602992 4478213.984508 131.682
512740.681313 4478213.984508 131.678
512740.759633 4478213.984508 131.678
512740.837953 4478213.984508 131.679
512740.916273 4478213.984508 131.679
512740.602992 4478214.065953 131.681
512740.681313 4478214.065953 131.679
512740.759633 4478214.065953 131.682
512740.837953 4478214.065953 131.677
512740.916273 4478214.065953 131.677
512740.994594 4478214.065953 131.671
512741.072914 4478214.065953 131.669
512740.759633 4478214.147398 131.672
512740.837953 4478214.147398 131.674
512740.916273 4478214.147398 131.676
512740.994594 4478214.147398 131.673
512741.072914 4478214.147398 131.666
512741.151234 4478214.147398 131.672
512741.229555 4478214.147398 131.672
512740.837953 4478214.228844 131.676
512740.916273 4478214.228844 131.673
512740.994594 4478214.228844 131.669
512741.072914 4478214.228844 131.687
512741.151234 4478214.228844 131.676
512741.229555 4478214.228844 131.671
512741.307875 4478214.228844 131.671
512740.916273 4478214.310289 131.675
512740.994594 4478214.310289 131.678
512741.072914 4478214.310289 131.679
512741.151234 4478214.310289 131.673
512741.229555 4478214.310289 131.667
512741.307875 4478214.310289 131.678
512741.386195 4478214.310289 131.675
512741.464516 4478214.310289 131.662
512741.072914 4478214.391734 131.668
512741.151234 4478214.391734 131.672
512741.229555 4478214.391734 131.679
512741.307875 4478214.391734 131.680
512741.386195 4478214.391734 131.681
512741.464516 4478214.391734 131.672
512741.542836 4478214.391734 131.665
512741.151234 4478214.473180 131.679
512741.229555 4478214.473180 131.681
512741.307875 4478214.473180 131.676
512741.386195 4478214.473180 131.676
512741.464516 4478214.473180 131.672
512741.542836 4478214.473180 131.670
512741.621156 4478214.473180 131.670
512741.699477 4478214.473180 131.664
512741.229555 4478214.554625 131.677
512741.307875 4478214.554625 131.682
512741.386195 4478214.554625 131.672
512741.464516 4478214.554625 131.668
512741.542836 4478214.554625 131.668
512741.621156 4478214.554625 131.674
512741.699477 4478214.554625 131.670
512741.777797 4478214.554625 131.667
512741.307875 4478214.636070 131.674
512741.386195 4478214.636070 131.670
512741.464516 4478214.636070 131.665
512741.542836 4478214.636070 131.680
512741.621156 4478214.636070 131.675
512741.699477 4478214.636070 131.669
512741.777797 4478214.636070 131.668
512741.856117 4478214.636070 131.664
512741.934438 4478214.636070 131.656
512741.464516 4478214.717516 131.677
512741.542836 4478214.717516 131.669
512741.621156 4478214.717516 131.666
512741.699477 4478214.717516 131.669
512741.777797 4478214.717516 131.669
512741.856117 4478214.717516 131.668
512741.934438 4478214.717516 131.673
512742.012758 4478214.717516 131.661
512741.621156 4478214.798961 131.673
512741.699477 4478214.798961 131.671
512741.777797 4478214.798961 131.673
512741.856117 4478214.798961 131.672
512741.934438 4478214.798961 131.669
512742.012758 4478214.798961 131.663
512742.091078 4478214.798961 131.661
512741.777797 4478214.880406 131.670
512741.856117 4478214.880406 131.672
512741.934438 4478214.880406 131.660
512742.012758 4478214.880406 131.668
512742.091078 4478214.880406 131.664
512742.169398 4478214.880406 131.668
512742.247719 4478214.880406 131.653
512741.856117 4478214.961852 131.660
512741.934438 4478214.961852 131.662
512742.012758 4478214.961852 131.666
512742.091078 4478214.961852 131.664
512742.169398 4478214.961852 131.662
512742.247719 4478214.961852 131.658
512742.326039 4478214.961852 131.661
512742.404359 4478214.961852 131.656
512741.934438 4478215.043297 131.666
512742.012758 4478215.043297 131.663
512742.091078 4478215.043297 131.661
512742.169398 4478215.043297 131.679
512742.247719 4478215.043297 131.667
512742.326039 4478215.043297 131.668
512742.404359 4478215.043297 131.663
512742.482680 4478215.043297 131.660
512742.091078 4478215.124742 131.664
512742.169398 4478215.124742 131.668
512742.247719 4478215.124742 131.668
512742.326039 4478215.124742 131.666
512742.404359 4478215.124742 131.666
512742.482680 4478215.124742 131.669
512742.561000 4478215.124742 131.668
512742.169398 4478215.206187 131.665
512742.247719 4478215.206187 131.663
512742.326039 4478215.206187 131.666
512742.404359 4478215.206187 131.673
512742.482680 4478215.206187 131.670
512742.561000 4478215.206187 131.667
512742.639320 4478215.206187 131.659
512742.717641 4478215.206187 131.653
512742.247719 4478215.287633 131.667
512742.326039 4478215.287633 131.672
512742.404359 4478215.287633 131.663
512742.482680 4478215.287633 131.668
512742.561000 4478215.287633 131.668
512742.639320 4478215.287633 131.660
512742.717641 4478215.287633 131.665
512742.795961 4478215.287633 131.662
512742.404359 4478215.369078 131.661
512742.482680 4478215.369078 131.670
512742.561000 4478215.369078 131.669
512742.639320 4478215.369078 131.670
512742.717641 4478215.369078 131.665
512742.795961 4478215.369078 131.668
512742.874281 4478215.369078 131.666
512742.952602 4478215.369078 131.656
512742.482680 4478215.450523 131.667
512742.561000 4478215.450523 131.667
512742.639320 4478215.450523 131.670
512742.717641 4478215.450523 131.673
512742.795961 4478215.450523 131.670
512742.874281 4478215.450523 131.670
512742.952602 4478215.450523 131.658
512743.030922 4478215.450523 131.656
512742.561000 4478215.531969 131.673
512742.639320 4478215.531969 131.662
512742.717641 4478215.531969 131.666
512742.795961 4478215.531969 131.666
512742.874281 4478215.531969 131.664
512742.952602 4478215.531969 131.664
512743.030922 4478215.531969 131.660
512743.109242 4478215.531969 131.659
512743.187563 4478215.531969 131.653
512742.717641 4478215.613414 131.670
512742.795961 4478215.613414 131.671
512742.874281 4478215.613414 131.668
512742.952602 4478215.613414 131.665
512743.030922 4478215.613414 131.665
512743.109242 4478215.613414 131.660
512743.187563 4478215.613414 131.657
512743.265883 4478215.613414 131.655
512742.874281 4478215.694859 131.665
512742.952602 4478215.694859 131.663
512743.030922 4478215.694859 131.661
512743.109242 4478215.694859 131.659
512743.187563 4478215.694859 131.661
512743.265883 4478215.694859 131.662
512743.344203 4478215.694859 131.660
512743.422523 4478215.694859 131.654
512742.952602 4478215.776305 131.661
512743.030922 4478215.776305 131.658
512743.109242 4478215.776305 131.660
512743.187563 4478215.776305 131.661
512743.265883 4478215.776305 131.652
512743.344203 4478215.776305 131.657
512743.422523 4478215.776305 131.655
512743.500844 4478215.776305 131.659
512743.109242 4478215.857750 131.657
512743.187563 4478215.857750 131.656
512743.265883 4478215.857750 131.663
512743.344203 4478215.857750 131.671
512743.422523 4478215.857750 131.661
512743.500844 4478215.857750 131.659
512743.579164 4478215.857750 131.656
512743.657484 4478215.857750 131.651
512743.187563 4478215.939195 131.661
512743.265883 4478215.939195 131.666
512743.344203 4478215.939195 131.661
512743.422523 4478215.939195 131.658
512743.500844 4478215.939195 131.661
512743.579164 4478215.939195 131.664
512743.657484 4478215.939195 131.659
512743.735805 4478215.939195 131.652
512743.344203 4478216.020641 131.659
512743.422523 4478216.020641 131.662
512743.500844 4478216.020641 131.666
512743.579164 4478216.020641 131.661
512743.657484 4478216.020641 131.660
512743.735805 4478216.020641 131.656
512743.814125 4478216.020641 131.655
512743.422523 4478216.102086 131.669
512743.500844 4478216.102086 131.660
512743.579164 4478216.102086 131.658
512743.657484 4478216.102086 131.660
512743.735805 4478216.102086 131.659
512743.814125 4478216.102086 131.664
512743.892445 4478216.102086 131.657
512743.500844 4478216.183531 131.660
512743.579164 4478216.183531 131.658
512743.657484 4478216.183531 131.667
512743.735805 4478216.183531 131.663
512743.814125 4478216.183531 131.663
512743.892445 4478216.183531 131.662
512743.970766 4478216.183531 131.657
512744.049086 4478216.183531 131.655
512743.657484 4478216.264977 131.660
512743.735805 4478216.264977 131.665
512743.814125 4478216.264977 131.664
512743.892445 4478216.264977 131.673
512743.970766 4478216.264977 131.659
512744.049086 4478216.264977 131.659
512744.127406 4478216.264977 131.650
512743.735805 4478216.346422 131.661
512743.814125 4478216.346422 131.663
512743.892445 4478216.346422 131.660
512743.970766 4478216.346422 131.654
512744.049086 4478216.346422 131.658
512744.127406 4478216.346422 131.656
512744.205727 4478216.346422 131.646
512744.284047 4478216.346422 131.654
512743.892445 4478216.427867 131.655
512743.970766 4478216.427867 131.659
512744.049086 4478216.427867 131.658
512744.127406 4478216.427867 131.658
512744.205727 4478216.427867 131.657
512744.284047 4478216.427867 131.655
512744.362367 4478216.427867 131.650
512744.049086 4478216.509313 131.656
512744.127406 4478216.509313 131.654
512744.205727 4478216.509313 131.653
512744.284047 4478216.509313 131.658
512744.362367 4478216.509313 131.656
512744.440687 4478216.509313 131.656
512744.519008 4478216.509313 131.653
512744.127406 4478216.590758 131.654
512744.205727 4478216.590758 131.656
512744.284047 4478216.590758 131.659
512744.362367 4478216.590758 131.652
512744.440687 4478216.590758 131.649
512744.519008 4478216.590758 131.646
512744.597328 4478216.590758 131.652
512744.284047 4478216.672203 131.653
512744.362367 4478216.672203 131.658
512744.440687 4478216.672203 131.659
512744.519008 4478216.672203 131.659
512744.597328 4478216.672203 131.656
512744.675648 4478216.672203 131.655
512744.753969 4478216.672203 131.651
512744.362367 4478216.753648 131.660
512744.440687 4478216.753648 131.657
512744.519008 4478216.753648 131.657
512744.597328 4478216.753648 131.658
512744.675648 4478216.753648 131.657
512744.753969 4478216.753648 131.656
512744.832289 4478216.753648 131.649
512744.519008 4478216.835094 131.661
512744.597328 4478216.835094 131.658
512744.675648 4478216.835094 131.659
512744.753969 4478216.835094 131.653
512744.832289 4478216.835094 131.647
512744.910609 4478216.835094 131.645
512744.597328 4478216.916539 131.655
512744.675648 4478216.916539 131.654
512744.753969 4478216.916539 131.649
512744.832289 4478216.916539 131.652
512744.910609 4478216.916539 131.661
512744.988930 4478216.916539 131.650
512744.675648 4478216.997984 131.652
512744.753969 4478216.997984 131.655
512744.832289 4478216.997984 131.658
512744.910609 4478216.997984 131.655
512744.988930 4478216.997984 131.653
512745.067250 4478216.997984 131.654
512745.145570 4478216.997984 131.644
512744.832289 4478217.079430 131.656
512744.910609 4478217.079430 131.656
512744.988930 4478217.079430 131.658
512745.067250 4478217.079430 131.651
512745.145570 4478217.079430 131.650
512745.223891 4478217.079430 131.643
512745.302211 4478217.079430 131.642
512744.910609 4478217.160875 131.653
512744.988930 4478217.160875 131.647
512745.067250 4478217.160875 131.649
512745.145570 4478217.160875 131.643
512745.223891 4478217.160875 131.646
512745.302211 4478217.160875 131.660
512745.380531 4478217.160875 131.648
512745.458852 4478217.160875 131.636
512745.067250 4478217.242320 131.651
512745.145570 4478217.242320 131.650
512745.223891 4478217.242320 131.657
512745.302211 4478217.242320 131.657
512745.380531 4478217.242320 131.644
512745.458852 4478217.242320 131.644
512745.537172 4478217.242320 131.643
512745.145570 4478217.323766 131.653
512745.223891 4478217.323766 131.653
512745.302211 4478217.323766 131.646
512745.380531 4478217.323766 131.649
512745.458852 4478217.323766 131.648
512745.537172 4478217.323766 131.649
512745.615492 4478217.323766 131.633
512745.302211 4478217.405211 131.648
512745.380531 4478217.405211 131.643
512745.458852 4478217.405211 131.643
512745.537172 4478217.405211 131.642
512745.615492 4478217.405211 131.641
512745.693813 4478217.405211 131.643
512745.772133 4478217.405211 131.643
512745.380531 4478217.486656 131.642
512745.458852 4478217.486656 131.648
512745.537172 4478217.486656 131.646
512745.615492 4478217.486656 131.650
512745.693813 4478217.486656 131.644
512745.772133 4478217.486656 131.644
512745.850453 4478217.486656 131.639
512745.458852 4478217.568102 131.646
512745.537172 4478217.568102 131.649
512745.615492 4478217.568102 131.646
512745.693813 4478217.568102 131.645
512745.772133 4478217.568102 131.646
512745.850453 4478217.568102 131.641
512745.928773 4478217.568102 131.638
512745.537172 4478217.649547 131.647
512745.615492 4478217.649547 131.646
512745.693813 4478217.649547 131.643
512745.772133 4478217.649547 131.644
512745.850453 4478217.649547 131.641
512745.928773 4478217.649547 131.638
512746.007094 4478217.649547 131.640
512745.693813 4478217.730992 131.642
512745.772133 4478217.730992 131.640
512745.850453 4478217.730992 131.641
512745.928773 4478217.730992 131.649
512746.007094 4478217.730992 131.645
512746.085414 4478217.730992 131.641
512746.163734 4478217.730992 131.637
512746.242055 4478217.730992 131.628
512745.772133 4478217.812437 131.645
512745.850453 4478217.812437 131.646
512745.928773 4478217.812437 131.646
512746.007094 4478217.812437 131.644
512746.085414 4478217.812437 131.638
512746.163734 4478217.812437 131.635
512746.242055 4478217.812437 131.636
512746.320375 4478217.812437 131.628
512745.928773 4478217.893883 131.643
512746.007094 4478217.893883 131.641
512746.085414 4478217.893883 131.637
512746.163734 4478217.893883 131.639
512746.242055 4478217.893883 131.638
512746.320375 4478217.893883 131.627
512746.398695 4478217.893883 131.629
512746.007094 4478217.975328 131.635
512746.085414 4478217.975328 131.636
512746.163734 4478217.975328 131.633
512746.242055 4478217.975328 131.633
512746.320375 4478217.975328 131.631
512746.398695 4478217.975328 131.638
512746.477016 4478217.975328 131.633
512746.555336 4478217.975328 131.632
512746.163734 4478218.056773 131.643
512746.242055 4478218.056773 131.637
512746.320375 4478218.056773 131.633
512746.398695 4478218.056773 131.636
512746.477016 4478218.056773 131.638
512746.555336 4478218.056773 131.633
512746.633656 4478218.056773 131.628
512746.242055 4478218.138219 131.634
512746.320375 4478218.138219 131.632
512746.398695 4478218.138219 131.639
512746.477016 4478218.138219 131.637
512746.555336 4478218.138219 131.640
512746.633656 4478218.138219 131.629
512746.711977 4478218.138219 131.625
512746.790297 4478218.138219 131.629
512746.398695 4478218.219664 131.639
512746.477016 4478218.219664 131.634
512746.555336 4478218.219664 131.631
512746.633656 4478218.219664 131.631
512746.711977 4478218.219664 131.639
512746.790297 4478218.219664 131.636
512746.868617 4478218.219664 131.632
512746.946938 4478218.219664 131.625
512746.555336 4478218.301109 131.637
512746.633656 4478218.301109 131.642
512746.711977 4478218.301109 131.641
512746.790297 4478218.301109 131.636
512746.868617 4478218.301109 131.632
512746.946938 4478218.301109 131.628
512747.025258 4478218.301109 131.626
512746.633656 4478218.382555 131.637
512746.711977 4478218.382555 131.642
512746.790297 4478218.382555 131.637
512746.868617 4478218.382555 131.629
512746.946938 4478218.382555 131.632
512747.025258 4478218.382555 131.628
512747.103578 4478218.382555 131.629
512747.181898 4478218.382555 131.614
512746.711977 4478218.464000 131.639
512746.790297 4478218.464000 131.631
512746.868617 4478218.464000 131.634
512746.946938 4478218.464000 131.629
512747.025258 4478218.464000 131.634
512747.103578 4478218.464000 131.632
512747.181898 4478218.464000 131.629
512747.260219 4478218.464000 131.624
512747.338539 4478218.464000 131.614
512746.790297 4478218.545445 131.634
512746.868617 4478218.545445 131.630
512746.946938 4478218.545445 131.636
512747.025258 4478218.545445 131.641
512747.103578 4478218.545445 131.632
512747.181898 4478218.545445 131.634
512747.260219 4478218.545445 131.628
512747.338539 4478218.545445 131.619
512747.416859 4478218.545445 131.613
512746.946938 4478218.626891 131.639
512747.025258 4478218.626891 131.635
512747.103578 4478218.626891 131.633
512747.181898 4478218.626891 131.624
512747.260219 4478218.626891 131.627
512747.338539 4478218.626891 131.622
512747.416859 4478218.626891 131.625
512747.495180 4478218.626891 131.618
512747.103578 4478218.708336 131.633
512747.181898 4478218.708336 131.629
512747.260219 4478218.708336 131.629
512747.338539 4478218.708336 131.624
512747.416859 4478218.708336 131.618
512747.495180 4478218.708336 131.625
512747.573500 4478218.708336 131.620
512747.181898 4478218.789781 131.626
512747.260219 4478218.789781 131.627
512747.338539 4478218.789781 131.623
512747.416859 4478218.789781 131.629
512747.495180 4478218.789781 131.629
512747.573500 4478218.789781 131.625
512747.651820 4478218.789781 131.628
512747.730141 4478218.789781 131.615
512747.260219 4478218.871227 131.634
512747.338539 4478218.871227 131.625
512747.416859 4478218.871227 131.626
512747.495180 4478218.871227 131.628
512747.573500 4478218.871227 131.628
512747.651820 4478218.871227 131.618
512747.730141 4478218.871227 131.622
512747.808461 4478218.871227 131.619
512747.416859 4478218.952672 131.626
512747.495180 4478218.952672 131.634
512747.573500 4478218.952672 131.624
512747.651820 4478218.952672 131.624
512747.730141 4478218.952672 131.621
512747.808461 4478218.952672 131.620
512747.886781 4478218.952672 131.624
512734.024086 4478219.034117 131.689
512734.102406 4478219.034117 131.688
512734.180727 4478219.034117 131.683
512734.259047 4478219.034117 131.685
512747.495180 4478219.034117 131.626
512747.573500 4478219.034117 131.620
512747.651820 4478219.034117 131.624
512747.730141 4478219.034117 131.624
512747.808461 4478219.034117 131.630
512747.886781 4478219.034117 131.634
512747.965102 4478219.034117 131.623
512748.043422 4478219.034117 131.618
512734.024086 4478219.115562 131.668
512734.102406 4478219.115562 131.677
512734.180727 4478219.115562 131.675
512734.259047 4478219.115562 131.680
512734.337367 4478219.115562 131.684
512747.651820 4478219.115562 131.627
512747.730141 4478219.115562 131.627
512747.808461 4478219.115562 131.627
512747.886781 4478219.115562 131.626
512747.965102 4478219.115562 131.622
512748.043422 4478219.115562 131.626
512748.121742 4478219.115562 131.625
512734.024086 4478219.197008 131.667
512734.102406 4478219.197008 131.670
512734.180727 4478219.197008 131.674
512734.259047 4478219.197008 131.675
512734.337367 4478219.197008 131.679
512747.730141 4478219.197008 131.629
512747.808461 4478219.197008 131.631
512747.886781 4478219.197008 131.623
512747.965102 4478219.197008 131.629
512748.043422 4478219.197008 131.626
512748.121742 4478219.197008 131.622
512748.200063 4478219.197008 131.622
512734.102406 4478219.278453 131.665
512734.180727 4478219.278453 131.663
512734.259047 4478219.278453 131.668
512734.337367 4478219.278453 131.680
512734.415688 4478219.278453 131.681
512747.808461 4478219.278453 131.625
512747.886781 4478219.278453 131.624
512747.965102 4478219.278453 131.627
512748.043422 4478219.278453 131.628
512748.121742 4478219.278453 131.623
512748.200063 4478219.278453 131.631
512748.278383 4478219.278453 131.621
512748.356703 4478219.278453 131.615
512734.180727 4478219.359898 131.666
512734.259047 4478219.359898 131.660
512734.337367 4478219.359898 131.673
512734.415688 4478219.359898 131.676
512734.494008 4478219.359898 131.678
512734.572328 4478219.359898 131.678
512734.650648 4478219.359898 131.677
512747.886781 4478219.359898 131.628
512747.965102 4478219.359898 131.640
512748.043422 4478219.359898 131.624
512748.121742 4478219.359898 131.627
512748.200063 4478219.359898 131.627
512748.278383 4478219.359898 131.619
512748.356703 4478219.359898 131.618
512748.435023 4478219.359898 131.619
512734.415688 4478219.441344 131.668
512734.494008 4478219.441344 131.669
512734.572328 4478219.441344 131.670
512734.650648 4478219.441344 131.676
512734.728969 4478219.441344 131.687
512748.043422 4478219.441344 131.626
512748.121742 4478219.441344 131.626
512748.200063 4478219.441344 131.613
512748.278383 4478219.441344 131.620
512748.356703 4478219.441344 131.621
512748.435023 4478219.441344 131.619
512748.513344 4478219.441344 131.623
512748.591664 4478219.441344 131.616
512734.415688 4478219.522789 131.657
512734.494008 4478219.522789 131.662
512734.572328 4478219.522789 131.671
512734.650648 4478219.522789 131.676
512734.728969 4478219.522789 131.677
512734.807289 4478219.522789 131.685
512748.200063 4478219.522789 131.618
512748.278383 4478219.522789 131.621
512748.356703 4478219.522789 131.615
512748.435023 4478219.522789 131.615
512748.513344 4478219.522789 131.625
512748.591664 4478219.522789 131.619
512748.669984 4478219.522789 131.618
512734.494008 4478219.604234 131.658
512734.572328 4478219.604234 131.670
512734.650648 4478219.604234 131.671
512734.728969 4478219.604234 131.675
512734.807289 4478219.604234 131.680
512734.885609 4478219.604234 131.681
512734.963930 4478219.604234 131.678
512748.356703 4478219.604234 131.623
512748.435023 4478219.604234 131.625
512748.513344 4478219.604234 131.623
512748.591664 4478219.604234 131.624
512748.669984 4478219.604234 131.623
512748.748305 4478219.604234 131.621
512748.826625 4478219.604234 131.611
512734.572328 4478219.685680 131.664
512734.650648 4478219.685680 131.663
512734.728969 4478219.685680 131.661
512734.807289 4478219.685680 131.674
512734.885609 4478219.685680 131.677
512734.963930 4478219.685680 131.675
512735.042250 4478219.685680 131.678
512748.435023 4478219.685680 131.621
512748.513344 4478219.685680 131.622
512748.591664 4478219.685680 131.620
512748.669984 4478219.685680 131.617
512748.748305 4478219.685680 131.623
512748.826625 4478219.685680 131.616
512748.904945 4478219.685680 131.614
512734.728969 4478219.767125 131.658
512734.807289 4478219.767125 131.673
512734.885609 4478219.767125 131.676
512734.963930 4478219.767125 131.676
512735.042250 4478219.767125 131.687
512735.120570 4478219.767125 131.679
512748.513344 4478219.767125 131.622
512748.591664 4478219.767125 131.619
512748.669984 4478219.767125 131.618
512748.748305 4478219.767125 131.616
512748.826625 4478219.767125 131.620
512748.904945 4478219.767125 131.621
512748.983266 4478219.767125 131.633
512749.061586 4478219.767125 131.616
512734.807289 4478219.848570 131.666
512734.885609 4478219.848570 131.675
512734.963930 4478219.848570 131.669
512735.042250 4478219.848570 131.673
512735.120570 4478219.848570 131.673
512735.198891 4478219.848570 131.679
512748.669984 4478219.848570 131.616
512748.748305 4478219.848570 131.626
512748.826625 4478219.848570 131.624
512748.904945 4478219.848570 131.617
512748.983266 4478219.848570 131.624
512749.061586 4478219.848570 131.622
512749.139906 4478219.848570 131.616
512749.218227 4478219.848570 131.608
512734.963930 4478219.930016 131.658
512735.042250 4478219.930016 131.671
512735.120570 4478219.930016 131.672
512735.198891 4478219.930016 131.673
512735.277211 4478219.930016 131.673
512735.355531 4478219.930016 131.672
512748.826625 4478219.930016 131.618
512748.904945 4478219.930016 131.622
512748.983266 4478219.930016 131.626
512749.061586 4478219.930016 131.621
512749.139906 4478219.930016 131.623
512749.218227 4478219.930016 131.614
512749.296547 4478219.930016 131.616
512735.042250 4478220.011461 131.652
512735.120570 4478220.011461 131.659
512735.198891 4478220.011461 131.662
512735.277211 4478220.011461 131.665
512735.355531 4478220.011461 131.674
512735.433852 4478220.011461 131.666
512748.826625 4478220.011461 131.621
512748.904945 4478220.011461 131.623
512748.983266 4478220.011461 131.621
512749.061586 4478220.011461 131.621
512749.139906 4478220.011461 131.616
512749.218227 4478220.011461 131.618
512749.296547 4478220.011461 131.620
512749.374867 4478220.011461 131.612
512735.120570 4478220.092906 131.656
512735.198891 4478220.092906 131.660
512735.277211 4478220.092906 131.657
512735.355531 4478220.092906 131.664
512735.433852 4478220.092906 131.666
512735.512172 4478220.092906 131.665
512735.590492 4478220.092906 131.674
512741.777797 4478220.092906 131.717
512748.983266 4478220.092906 131.619
512749.061586 4478220.092906 131.616
512749.139906 4478220.092906 131.625
512749.218227 4478220.092906 131.621
512749.296547 4478220.092906 131.623
512749.374867 4478220.092906 131.620
512749.453188 4478220.092906 131.618
512735.198891 4478220.174352 131.655
512735.277211 4478220.174352 131.648
512735.355531 4478220.174352 131.649
512735.433852 4478220.174352 131.665
512735.512172 4478220.174352 131.674
512735.590492 4478220.174352 131.665
512735.668813 4478220.174352 131.675
512741.699477 4478220.174352 131.722
512741.777797 4478220.174352 131.716
512741.856117 4478220.174352 131.712
512741.934438 4478220.174352 131.710
512749.139906 4478220.174352 131.622
512749.218227 4478220.174352 131.623
512749.296547 4478220.174352 131.626
512749.374867 4478220.174352 131.620
512749.453188 4478220.174352 131.618
512735.355531 4478220.255797 131.650
512735.433852 4478220.255797 131.665
512735.512172 4478220.255797 131.666
512735.590492 4478220.255797 131.668
512735.668813 4478220.255797 131.673
512735.747133 4478220.255797 131.665
512735.825453 4478220.255797 131.677
512741.699477 4478220.255797 131.725
512741.777797 4478220.255797 131.718
512741.856117 4478220.255797 131.710
512741.934438 4478220.255797 131.719
512749.218227 4478220.255797 131.622
512749.296547 4478220.255797 131.629
512749.374867 4478220.255797 131.624
512735.433852 4478220.337242 131.652
512735.512172 4478220.337242 131.654
512735.590492 4478220.337242 131.656
512735.668813 4478220.337242 131.668
512735.747133 4478220.337242 131.670
512735.825453 4478220.337242 131.676
512735.903773 4478220.337242 131.683
512741.699477 4478220.337242 131.720
512741.777797 4478220.337242 131.712
512741.856117 4478220.337242 131.719
512741.934438 4478220.337242 131.716
512742.012758 4478220.337242 131.709
512735.512172 4478220.418688 131.654
512735.590492 4478220.418688 131.655
512735.668813 4478220.418688 131.660
512735.747133 4478220.418688 131.669
512735.825453 4478220.418688 131.670
512735.903773 4478220.418688 131.674
512735.982094 4478220.418688 131.673
512741.699477 4478220.418688 131.721
512741.777797 4478220.418688 131.713
512741.856117 4478220.418688 131.726
512741.934438 4478220.418688 131.708
512742.012758 4478220.418688 131.719
512742.091078 4478220.418688 131.714
512742.169398 4478220.418688 131.721
512735.668813 4478220.500133 131.656
512735.747133 4478220.500133 131.650
512735.825453 4478220.500133 131.667
512735.903773 4478220.500133 131.673
512735.982094 4478220.500133 131.671
512736.060414 4478220.500133 131.675
512741.699477 4478220.500133 131.713
512741.777797 4478220.500133 131.717
512741.856117 4478220.500133 131.714
512741.934438 4478220.500133 131.714
512742.012758 4478220.500133 131.719
512742.091078 4478220.500133 131.718
512742.169398 4478220.500133 131.720
512742.247719 4478220.500133 131.711
512735.825453 4478220.581578 131.652
512735.903773 4478220.581578 131.663
512735.982094 4478220.581578 131.673
512736.060414 4478220.581578 131.667
512736.138734 4478220.581578 131.677
512741.777797 4478220.581578 131.718
512741.856117 4478220.581578 131.716
512741.934438 4478220.581578 131.721
512742.012758 4478220.581578 131.718
512742.091078 4478220.581578 131.721
512742.169398 4478220.581578 131.715
512742.247719 4478220.581578 131.710
512742.326039 4478220.581578 131.714
512742.404359 4478220.581578 131.708
512735.903773 4478220.663023 131.659
512735.982094 4478220.663023 131.683
512736.060414 4478220.663023 131.664
512736.138734 4478220.663023 131.683
512736.217055 4478220.663023 131.670
512741.934438 4478220.663023 131.719
512742.012758 4478220.663023 131.720
512742.091078 4478220.663023 131.719
512742.169398 4478220.663023 131.710
512742.247719 4478220.663023 131.719
512742.326039 4478220.663023 131.709
512742.404359 4478220.663023 131.708
512742.482680 4478220.663023 131.701
512735.982094 4478220.744469 131.657
512736.060414 4478220.744469 131.657
512736.138734 4478220.744469 131.688
512736.217055 4478220.744469 131.667
512736.295375 4478220.744469 131.667
512736.373695 4478220.744469 131.671
512742.012758 4478220.744469 131.720
512742.091078 4478220.744469 131.713
512742.169398 4478220.744469 131.719
512742.247719 4478220.744469 131.711
512742.326039 4478220.744469 131.706
512742.404359 4478220.744469 131.708
512742.482680 4478220.744469 131.709
512742.561000 4478220.744469 131.702
512736.060414 4478220.825914 131.646
512736.138734 4478220.825914 131.655
512736.217055 4478220.825914 131.658
512736.295375 4478220.825914 131.666
512736.373695 4478220.825914 131.665
512736.452016 4478220.825914 131.666
512742.012758 4478220.825914 131.717
512742.091078 4478220.825914 131.715
512742.169398 4478220.825914 131.712
512742.247719 4478220.825914 131.708
512742.326039 4478220.825914 131.712
512742.404359 4478220.825914 131.709
512742.482680 4478220.825914 131.703
512742.561000 4478220.825914 131.713
512742.639320 4478220.825914 131.705
512736.217055 4478220.907359 131.643
512736.295375 4478220.907359 131.652
512736.373695 4478220.907359 131.664
512736.452016 4478220.907359 131.666
512736.530336 4478220.907359 131.665
512736.608656 4478220.907359 131.653
512736.686977 4478220.907359 131.675
512742.091078 4478220.907359 131.715
512742.169398 4478220.907359 131.705
512742.247719 4478220.907359 131.708
512742.326039 4478220.907359 131.711
512742.404359 4478220.907359 131.716
512742.482680 4478220.907359 131.704
512742.561000 4478220.907359 131.709
512742.639320 4478220.907359 131.707
512742.717641 4478220.907359 131.701
512736.295375 4478220.988805 131.643
512736.373695 4478220.988805 131.646
512736.452016 4478220.988805 131.663
512736.530336 4478220.988805 131.655
512736.608656 4478220.988805 131.673
512736.686977 4478220.988805 131.662
512736.765297 4478220.988805 131.667
512736.843617 4478220.988805 131.667
512742.247719 4478220.988805 131.710
512742.326039 4478220.988805 131.712
512742.404359 4478220.988805 131.707
512742.482680 4478220.988805 131.712
512742.561000 4478220.988805 131.707
512742.639320 4478220.988805 131.707
512742.717641 4478220.988805 131.708
512742.795961 4478220.988805 131.709
512742.874281 4478220.988805 131.707
512736.452016 4478221.070250 131.644
512736.530336 4478221.070250 131.661
512736.608656 4478221.070250 131.662
512736.686977 4478221.070250 131.660
512736.765297 4478221.070250 131.669
512736.843617 4478221.070250 131.667
512736.921938 4478221.070250 131.668
512742.326039 4478221.070250 131.723
512742.404359 4478221.070250 131.702
512742.482680 4478221.070250 131.713
512742.561000 4478221.070250 131.703
512742.639320 4478221.070250 131.702
512742.717641 4478221.070250 131.713
512742.795961 4478221.070250 131.708
512742.874281 4478221.070250 131.704
512742.952602 4478221.070250 131.697
512743.030922 4478221.070250 131.702
512736.530336 4478221.151695 131.641
512736.608656 4478221.151695 131.650
512736.686977 4478221.151695 131.655
512736.765297 4478221.151695 131.662
512736.843617 4478221.151695 131.669
512736.921938 4478221.151695 131.666
512737.000258 4478221.151695 131.678
512742.404359 4478221.151695 131.708
512742.482680 4478221.151695 131.708
512742.561000 4478221.151695 131.704
512742.639320 4478221.151695 131.710
512742.717641 4478221.151695 131.711
512742.795961 4478221.151695 131.709
512742.874281 4478221.151695 131.702
512742.952602 4478221.151695 131.709
512743.030922 4478221.151695 131.703
512743.109242 4478221.151695 131.712
512736.686977 4478221.233141 131.653
512736.765297 4478221.233141 131.658
512736.843617 4478221.233141 131.668
512736.921938 4478221.233141 131.670
512737.000258 4478221.233141 131.681
512737.078578 4478221.233141 131.667
512742.482680 4478221.233141 131.705
512742.561000 4478221.233141 131.705
512742.639320 4478221.233141 131.712
512742.717641 4478221.233141 131.712
512742.795961 4478221.233141 131.702
512742.874281 4478221.233141 131.710
512742.952602 4478221.233141 131.704
512743.030922 4478221.233141 131.714
512743.109242 4478221.233141 131.704
512736.765297 4478221.314586 131.656
512736.843617 4478221.314586 131.663
512736.921938 4478221.314586 131.667
512737.000258 4478221.314586 131.669
512737.078578 4478221.314586 131.662
512737.156898 4478221.314586 131.672
512737.235219 4478221.314586 131.672
512742.561000 4478221.314586 131.706
512742.639320 4478221.314586 131.714
512742.717641 4478221.314586 131.707
512742.795961 4478221.314586 131.702
512742.874281 4478221.314586 131.708
512742.952602 4478221.314586 131.714
512743.030922 4478221.314586 131.712
512743.109242 4478221.314586 131.703
512743.187563 4478221.314586 131.709
512743.265883 4478221.314586 131.703
512743.344203 4478221.314586 131.710
512736.843617 4478221.396031 131.641
512736.921938 4478221.396031 131.650
512737.000258 4478221.396031 131.665
512737.078578 4478221.396031 131.671
512737.156898 4478221.396031 131.665
512737.235219 4478221.396031 131.664
512737.313539 4478221.396031 131.670
512742.717641 4478221.396031 131.703
512742.795961 4478221.396031 131.708
512742.874281 4478221.396031 131.716
512742.952602 4478221.396031 131.711
512743.030922 4478221.396031 131.708
512743.109242 4478221.396031 131.709
512743.187563 4478221.396031 131.706
512743.265883 4478221.396031 131.703
512743.344203 4478221.396031 131.703
512743.422523 4478221.396031 131.699
512743.500844 4478221.396031 131.696
512737.000258 4478221.477477 131.662
512737.078578 4478221.477477 131.692
512737.156898 4478221.477477 131.656
512737.235219 4478221.477477 131.673
512737.313539 4478221.477477 131.663
512737.391859 4478221.477477 131.656
512742.795961 4478221.477477 131.711
512742.874281 4478221.477477 131.710
512742.952602 4478221.477477 131.708
512743.030922 4478221.477477 131.706
512743.109242 4478221.477477 131.713
512743.187563 4478221.477477 131.703
512743.265883 4478221.477477 131.706
512743.344203 4478221.477477 131.695
512743.422523 4478221.477477 131.703
512743.500844 4478221.477477 131.695
512743.579164 4478221.477477 131.691
512737.078578 4478221.558922 131.663
512737.156898 4478221.558922 131.655
512737.235219 4478221.558922 131.672
512737.313539 4478221.558922 131.669
512737.391859 4478221.558922 131.656
512737.470180 4478221.558922 131.664
512742.952602 4478221.558922 131.707
512743.030922 4478221.558922 131.712
512743.109242 4478221.558922 131.705
512743.187563 4478221.558922 131.710
512743.265883 4478221.558922 131.698
512743.344203 4478221.558922 131.700
512743.422523 4478221.558922 131.699
512743.500844 4478221.558922 131.698
512743.579164 4478221.558922 131.691
512743.657484 4478221.558922 131.696
512737.235219 4478221.640367 131.656
512737.313539 4478221.640367 131.665
512737.391859 4478221.640367 131.661
512737.470180 4478221.640367 131.663
512737.548500 4478221.640367 131.669
512737.626820 4478221.640367 131.654
512743.030922 4478221.640367 131.704
512743.109242 4478221.640367 131.707
512743.187563 4478221.640367 131.700
512743.265883 4478221.640367 131.698
512743.344203 4478221.640367 131.705
512743.422523 4478221.640367 131.701
512743.500844 4478221.640367 131.693
512743.579164 4478221.640367 131.697
512743.657484 4478221.640367 131.697
512743.735805 4478221.640367 131.699
512737.313539 4478221.721812 131.646
512737.391859 4478221.721812 131.654
512737.470180 4478221.721812 131.663
512737.548500 4478221.721812 131.661
512737.626820 4478221.721812 131.646
512743.109242 4478221.721812 131.699
512743.187563 4478221.721812 131.696
512743.265883 4478221.721812 131.703
512743.344203 4478221.721812 131.704
512743.422523 4478221.721812 131.706
512743.500844 4478221.721812 131.695
512743.579164 4478221.721812 131.702
512743.657484 4478221.721812 131.695
512743.735805 4478221.721812 131.698
512743.814125 4478221.721812 131.701
512737.391859 4478221.803258 131.638
512737.470180 4478221.803258 131.653
512737.548500 4478221.803258 131.657
512737.626820 4478221.803258 131.662
512737.705141 4478221.803258 131.650
512737.783461 4478221.803258 131.662
512743.265883 4478221.803258 131.704
512743.344203 4478221.803258 131.698
512743.422523 4478221.803258 131.701
512743.500844 4478221.803258 131.700
512743.579164 4478221.803258 131.698
512743.657484 4478221.803258 131.708
512743.735805 4478221.803258 131.700
512743.814125 4478221.803258 131.698
512743.892445 4478221.803258 131.697
512737.470180 4478221.884703 131.634
512737.548500 4478221.884703 131.659
512737.626820 4478221.884703 131.650
512737.705141 4478221.884703 131.647
512737.783461 4478221.884703 131.657
512737.861781 4478221.884703 131.654
512743.422523 4478221.884703 131.693
512743.500844 4478221.884703 131.707
512743.579164 4478221.884703 131.698
512743.657484 4478221.884703 131.700
512743.735805 4478221.884703 131.704
512743.814125 4478221.884703 131.698
512743.892445 4478221.884703 131.695
512743.970766 4478221.884703 131.705
512737.548500 4478221.966148 131.636
512737.626820 4478221.966148 131.642
512737.705141 4478221.966148 131.653
512737.783461 4478221.966148 131.659
512737.861781 4478221.966148 131.657
512737.940102 4478221.966148 131.663
512738.018422 4478221.966148 131.668
512743.500844 4478221.966148 131.703
512743.579164 4478221.966148 131.701
512743.657484 4478221.966148 131.699
512743.735805 4478221.966148 131.697
512743.814125 4478221.966148 131.702
512743.892445 4478221.966148 131.696
512743.970766 4478221.966148 131.698
512744.049086 4478221.966148 131.693
512737.626820 4478222.047594 131.637
512737.705141 4478222.047594 131.647
512737.783461 4478222.047594 131.656
512737.861781 4478222.047594 131.657
512737.940102 4478222.047594 131.654
512738.018422 4478222.047594 131.667
512738.096742 4478222.047594 131.653
512743.579164 4478222.047594 131.698
512743.657484 4478222.047594 131.699
512743.735805 4478222.047594 131.701
512743.814125 4478222.047594 131.694
512743.892445 4478222.047594 131.708
512743.970766 4478222.047594 131.693
512744.049086 4478222.047594 131.700
512744.127406 4478222.047594 131.693
512737.705141 4478222.129039 131.642
512737.783461 4478222.129039 131.644
512737.861781 4478222.129039 131.647
512737.940102 4478222.129039 131.654
512738.018422 4478222.129039 131.659
512738.096742 4478222.129039 131.658
512738.175062 4478222.129039 131.653
512738.253383 4478222.129039 131.648
512743.657484 4478222.129039 131.706
512743.735805 4478222.129039 131.699
512743.814125 4478222.129039 131.698
512743.892445 4478222.129039 131.699
512743.970766 4478222.129039 131.696
512744.049086 4478222.129039 131.698
512744.127406 4478222.129039 131.696
512744.205727 4478222.129039 131.707
512744.284047 4478222.129039 131.699
512737.783461 4478222.210484 131.649
512737.861781 4478222.210484 131.643
512737.940102 4478222.210484 131.637
512738.018422 4478222.210484 131.653
512738.096742 4478222.210484 131.656
512738.175062 4478222.210484 131.653
512738.253383 4478222.210484 131.657
512738.331703 4478222.210484 131.661
512743.735805 4478222.210484 131.698
512743.814125 4478222.210484 131.697
512743.892445 4478222.210484 131.695
512743.970766 4478222.210484 131.705
512744.049086 4478222.210484 131.696
512744.127406 4478222.210484 131.706
512744.205727 4478222.210484 131.702
512744.284047 4478222.210484 131.694
512744.362367 4478222.210484 131.686
512737.940102 4478222.291930 131.632
512738.018422 4478222.291930 131.644
512738.096742 4478222.291930 131.666
512738.175062 4478222.291930 131.650
512738.253383 4478222.291930 131.662
512738.331703 4478222.291930 131.651
512738.410023 4478222.291930 131.651
512743.814125 4478222.291930 131.693
512743.892445 4478222.291930 131.706
512743.970766 4478222.291930 131.699
512744.049086 4478222.291930 131.702
512744.127406 4478222.291930 131.707
512744.205727 4478222.291930 131.691
512744.284047 4478222.291930 131.694
512744.362367 4478222.291930 131.690
512744.440687 4478222.291930 131.693
512738.018422 4478222.373375 131.642
512738.096742 4478222.373375 131.657
512738.175062 4478222.373375 131.643
512738.253383 4478222.373375 131.658
512738.331703 4478222.373375 131.651
512738.410023 4478222.373375 131.655
512738.488344 4478222.373375 131.653
512743.970766 4478222.373375 131.695
512744.049086 4478222.373375 131.708
512744.127406 4478222.373375 131.701
512744.205727 4478222.373375 131.694
512744.284047 4478222.373375 131.692
512744.362367 4478222.373375 131.696
512744.440687 4478222.373375 131.692
512744.519008 4478222.373375 131.689
512738.175062 4478222.454820 131.643
512738.253383 4478222.454820 131.633
512738.331703 4478222.454820 131.643
512738.410023 4478222.454820 131.657
512738.488344 4478222.454820 131.653
512738.566664 4478222.454820 131.649
512738.644984 4478222.454820 131.646
512744.049086 4478222.454820 131.708
512744.127406 4478222.454820 131.692
512744.205727 4478222.454820 131.691
512744.284047 4478222.454820 131.691
512744.362367 4478222.454820 131.694
512744.440687 4478222.454820 131.691
512744.519008 4478222.454820 131.687
512744.597328 4478222.454820 131.696
512738.253383 4478222.536266 131.635
512738.331703 4478222.536266 131.640
512738.410023 4478222.536266 131.647
512738.488344 4478222.536266 131.652
512738.566664 4478222.536266 131.651
512738.644984 4478222.536266 131.652
512738.723305 4478222.536266 131.651
512744.205727 4478222.536266 131.689
512744.284047 4478222.536266 131.690
512744.362367 4478222.536266 131.693
512744.440687 4478222.536266 131.706
512744.519008 4478222.536266 131.687
512744.597328 4478222.536266 131.694
512744.675648 4478222.536266 131.695
512744.753969 4478222.536266 131.688
512738.410023 4478222.617711 131.638
512738.488344 4478222.617711 131.650
512738.566664 4478222.617711 131.649
512738.644984 4478222.617711 131.648
512738.723305 4478222.617711 131.658
512738.801625 4478222.617711 131.650
512744.362367 4478222.617711 131.697
512744.440687 4478222.617711 131.692
512744.519008 4478222.617711 131.694
512744.597328 4478222.617711 131.693
512744.675648 4478222.617711 131.698
512744.753969 4478222.617711 131.689
512744.832289 4478222.617711 131.698
512744.910609 4478222.617711 131.695
512744.988930 4478222.617711 131.686
512738.488344 4478222.699156 131.635
512738.566664 4478222.699156 131.649
512738.644984 4478222.699156 131.652
512738.723305 4478222.699156 131.650
512738.801625 4478222.699156 131.641
512738.879945 4478222.699156 131.652
512738.958266 4478222.699156 131.647
512744.519008 4478222.699156 131.702
512744.597328 4478222.699156 131.693
512744.675648 4478222.699156 131.687
512744.753969 4478222.699156 131.700
512744.832289 4478222.699156 131.694
512744.910609 4478222.699156 131.689
512744.988930 4478222.699156 131.694
512745.067250 4478222.699156 131.691
512738.566664 4478222.780602 131.634
512738.644984 4478222.780602 131.641
512738.723305 4478222.780602 131.637
512738.801625 4478222.780602 131.643
512738.879945 4478222.780602 131.651
512738.958266 4478222.780602 131.650
512739.036586 4478222.780602 131.654
512744.675648 4478222.780602 131.691
512744.753969 4478222.780602 131.690
512744.832289 4478222.780602 131.697
512744.910609 4478222.780602 131.687
512744.988930 4478222.780602 131.703
512745.067250 4478222.780602 131.685
512738.723305 4478222.862047 131.632
512738.801625 4478222.862047 131.646
512738.879945 4478222.862047 131.650
512738.958266 4478222.862047 131.646
512739.036586 4478222.862047 131.659
512739.114906 4478222.862047 131.658
512739.193227 4478222.862047 131.652
512744.753969 4478222.862047 131.696
512744.832289 4478222.862047 131.692
512744.910609 4478222.862047 131.700
512744.988930 4478222.862047 131.691
512745.067250 4478222.862047 131.691
512745.223891 4478222.862047 131.697
512745.302211 4478222.862047 131.700
512745.380531 4478222.862047 131.688
512738.801625 4478222.943492 131.650
512738.879945 4478222.943492 131.646
512738.958266 4478222.943492 131.644
512739.036586 4478222.943492 131.650
512739.114906 4478222.943492 131.657
512739.193227 4478222.943492 131.649
512739.271547 4478222.943492 131.657
512744.753969 4478222.943492 131.695
512744.832289 4478222.943492 131.688
512744.910609 4478222.943492 131.697
512744.988930 4478222.943492 131.691
512745.067250 4478222.943492 131.694
512745.145570 4478222.943492 131.690
512745.223891 4478222.943492 131.705
512745.302211 4478222.943492 131.690
512745.380531 4478222.943492 131.688
512738.879945 4478223.024938 131.644
512738.958266 4478223.024938 131.641
512739.036586 4478223.024938 131.643
512739.114906 4478223.024938 131.652
512739.193227 4478223.024938 131.649
512739.271547 4478223.024938 131.648
512739.349867 4478223.024938 131.651
512739.428188 4478223.024938 131.650
512744.753969 4478223.024938 131.694
512744.832289 4478223.024938 131.692
512744.910609 4478223.024938 131.691
512744.988930 4478223.024938 131.693
512745.067250 4478223.024938 131.691
512745.145570 4478223.024938 131.707
512745.223891 4478223.024938 131.700
512745.302211 4478223.024938 131.689
512745.380531 4478223.024938 131.677
512745.458852 4478223.024938 131.686
512739.036586 4478223.106383 131.639
512739.114906 4478223.106383 131.646
512739.193227 4478223.106383 131.646
512739.271547 4478223.106383 131.647
512739.349867 4478223.106383 131.651
512739.428188 4478223.106383 131.651
512739.506508 4478223.106383 131.646
512744.753969 4478223.106383 131.687
512744.832289 4478223.106383 131.685
512744.910609 4478223.106383 131.696
512745.145570 4478223.106383 131.704
512745.223891 4478223.106383 131.686
512745.302211 4478223.106383 131.687
512745.380531 4478223.106383 131.686
512745.458852 4478223.106383 131.690
512739.114906 4478223.187828 131.638
512739.193227 4478223.187828 131.645
512739.271547 4478223.187828 131.639
512739.349867 4478223.187828 131.649
512739.428188 4478223.187828 131.646
512739.506508 4478223.187828 131.638
512739.584828 4478223.187828 131.650
512744.753969 4478223.187828 131.679
512744.832289 4478223.187828 131.685
512745.145570 4478223.187828 131.689
512745.223891 4478223.187828 131.686
512745.302211 4478223.187828 131.690
512745.380531 4478223.187828 131.689
512739.193227 4478223.269273 131.639
512739.271547 4478223.269273 131.622
512739.349867 4478223.269273 131.631
512739.428188 4478223.269273 131.643
512739.506508 4478223.269273 131.644
512739.584828 4478223.269273 131.646
512739.663148 4478223.269273 131.645
512739.741469 4478223.269273 131.637
512745.145570 4478223.269273 131.687
512745.223891 4478223.269273 131.692
512745.302211 4478223.269273 131.683
512739.349867 4478223.350719 131.629
512739.428188 4478223.350719 131.640
512739.506508 4478223.350719 131.645
512739.584828 4478223.350719 131.647
512739.663148 4478223.350719 131.648
512739.741469 4478223.350719 131.647
512739.819789 4478223.350719 131.648
512739.428188 4478223.432164 131.630
512739.506508 4478223.432164 131.626
512739.584828 4478223.432164 131.642
512739.663148 4478223.432164 131.655
512739.741469 4478223.432164 131.649
512739.819789 4478223.432164 131.641
512739.898109 4478223.432164 131.645
512739.506508 4478223.513609 131.630
512739.584828 4478223.513609 131.633
512739.663148 4478223.513609 131.645
512739.741469 4478223.513609 131.645
512739.819789 4478223.513609 131.640
512739.898109 4478223.513609 131.647
512739.976430 4478223.513609 131.649
512739.663148 4478223.595055 131.625
512739.741469 4478223.595055 131.628
512739.819789 4478223.595055 131.635
512739.898109 4478223.595055 131.647
512739.976430 4478223.595055 131.646
512740.054750 4478223.595055 131.654
512740.133070 4478223.595055 131.651
512739.741469 4478223.676500 131.621
512739.819789 4478223.676500 131.630
512739.898109 4478223.676500 131.639
512739.976430 4478223.676500 131.644
512740.054750 4478223.676500 131.650
512740.133070 4478223.676500 131.649
512740.211391 4478223.676500 131.651
512739.819789 4478223.757945 131.629
512739.898109 4478223.757945 131.636
512739.976430 4478223.757945 131.642
512740.054750 4478223.757945 131.647
512740.133070 4478223.757945 131.653
512740.211391 4478223.757945 131.648
512740.289711 4478223.757945 131.651
512739.976430 4478223.839391 131.635
512740.054750 4478223.839391 131.640
512740.133070 4478223.839391 131.650
512740.211391 4478223.839391 131.648
512740.289711 4478223.839391 131.640
512740.368031 4478223.839391 131.648
512740.446352 4478223.839391 131.647
512740.054750 4478223.920836 131.625
512740.133070 4478223.920836 131.639
512740.211391 4478223.920836 131.648
512740.289711 4478223.920836 131.641
512740.368031 4478223.920836 131.647
512740.446352 4478223.920836 131.643
512740.524672 4478223.920836 131.643
512740.133070 4478224.002281 131.635
512740.211391 4478224.002281 131.635
512740.289711 4478224.002281 131.632
512740.368031 4478224.002281 131.643
512740.446352 4478224.002281 131.638
512740.524672 4478224.002281 131.645
512740.602992 4478224.002281 131.642
512740.289711 4478224.083727 131.614
512740.368031 4478224.083727 131.643
512740.446352 4478224.083727 131.642
512740.524672 4478224.083727 131.649
512740.602992 4478224.083727 131.638
512740.681313 4478224.083727 131.639
512740.759633 4478224.083727 131.636
512740.368031 4478224.165172 131.625
512740.446352 4478224.165172 131.632
512740.524672 4478224.165172 131.647
512740.602992 4478224.165172 131.638
512740.681313 4478224.165172 131.647
512740.759633 4478224.165172 131.634
512740.837953 4478224.165172 131.645
512740.524672 4478224.246617 131.635
512740.602992 4478224.246617 131.633
512740.681313 4478224.246617 131.637
512740.759633 4478224.246617 131.639
512740.837953 4478224.246617 131.641
512740.916273 4478224.246617 131.643
512740.602992 4478224.328062 131.623
512740.681313 4478224.328062 131.634
512740.759633 4478224.328062 131.649
512740.837953 4478224.328062 131.638
512740.916273 4478224.328062 131.639
512740.994594 4478224.328062 131.649
512741.072914 4478224.328062 131.647
512740.681313 4478224.409508 131.625
512740.759633 4478224.409508 131.641
512740.837953 4478224.409508 131.636
512740.916273 4478224.409508 131.638
512740.994594 4478224.409508 131.642
512741.072914 4478224.409508 131.642
512741.151234 4478224.409508 131.646
512740.837953 4478224.490953 131.627
512740.916273 4478224.490953 131.638
512740.994594 4478224.490953 131.639
512741.072914 4478224.490953 131.644
512741.151234 4478224.490953 131.640
512741.229555 4478224.490953 131.645
512740.916273 4478224.572398 131.633
512740.994594 4478224.572398 131.638
512741.072914 4478224.572398 131.640
512741.151234 4478224.572398 131.642
512741.229555 4478224.572398 131.642
512741.307875 4478224.572398 131.644
512740.994594 4478224.653844 131.634
512741.072914 4478224.653844 131.626
512741.151234 4478224.653844 131.637
512741.229555 4478224.653844 131.647
512741.307875 4478224.653844 131.645
512741.386195 4478224.653844 131.646
512741.464516 4478224.653844 131.647
512741.072914 4478224.735289 131.627
512741.151234 4478224.735289 131.635
512741.229555 4478224.735289 131.644
512741.307875 4478224.735289 131.644
512741.386195 4478224.735289 131.639
512741.464516 4478224.735289 131.633
512741.542836 4478224.735289 131.638
512741.151234 4478224.816734 131.623
512741.229555 4478224.816734 131.637
512741.307875 4478224.816734 131.642
512741.386195 4478224.816734 131.629
512741.464516 4478224.816734 131.632
512741.542836 4478224.816734 131.638
512741.621156 4478224.816734 131.636
512741.699477 4478224.816734 131.639
512741.307875 4478224.898180 131.624
512741.386195 4478224.898180 131.618
512741.464516 4478224.898180 131.624
512741.542836 4478224.898180 131.639
512741.621156 4478224.898180 131.633
512741.699477 4478224.898180 131.634
512741.777797 4478224.898180 131.633
512741.386195 4478224.979625 131.619
512741.464516 4478224.979625 131.621
512741.542836 4478224.979625 131.638
512741.621156 4478224.979625 131.637
512741.699477 4478224.979625 131.629
512741.777797 4478224.979625 131.642
512741.856117 4478224.979625 131.630
512741.464516 4478225.061070 131.624
512741.542836 4478225.061070 131.630
512741.621156 4478225.061070 131.630
512741.699477 4478225.061070 131.634
512741.777797 4478225.061070 131.641
512741.856117 4478225.061070 131.636
512741.934438 4478225.061070 131.633
512741.542836 4478225.142516 131.629
512741.621156 4478225.142516 131.627
512741.699477 4478225.142516 131.628
512741.777797 4478225.142516 131.643
512741.856117 4478225.142516 131.634
512741.934438 4478225.142516 131.633
512742.012758 4478225.142516 131.640
512742.091078 4478225.142516 131.642
512741.699477 4478225.223961 131.619
512741.777797 4478225.223961 131.627
512741.856117 4478225.223961 131.629
512741.934438 4478225.223961 131.638
512742.012758 4478225.223961 131.628
512742.091078 4478225.223961 131.642
512742.169398 4478225.223961 131.638
512741.856117 4478225.305406 131.622
512741.934438 4478225.305406 131.625
512742.012758 4478225.305406 131.637
512742.091078 4478225.305406 131.639
512742.169398 4478225.305406 131.628
512742.247719 4478225.305406 131.637
512742.326039 4478225.305406 131.637
512741.934438 4478225.386852 131.627
512742.012758 4478225.386852 131.626
512742.091078 4478225.386852 131.626
512742.169398 4478225.386852 131.633
512742.247719 4478225.386852 131.642
512742.326039 4478225.386852 131.632
512742.404359 4478225.386852 131.633
512742.012758 4478225.468297 131.631
512742.091078 4478225.468297 131.628
512742.169398 4478225.468297 131.628
512742.247719 4478225.468297 131.632
512742.326039 4478225.468297 131.636
512742.404359 4478225.468297 131.631
512742.482680 4478225.468297 131.638
512742.091078 4478225.549742 131.619
512742.169398 4478225.549742 131.618
512742.247719 4478225.549742 131.631
512742.326039 4478225.549742 131.637
512742.404359 4478225.549742 131.634
512742.482680 4478225.549742 131.634
512742.561000 4478225.549742 131.638
512742.639320 4478225.549742 131.630
512742.247719 4478225.631187 131.627
512742.326039 4478225.631187 131.638
512742.404359 4478225.631187 131.626
512742.482680 4478225.631187 131.632
512742.561000 4478225.631187 131.633
512742.639320 4478225.631187 131.632
512742.717641 4478225.631187 131.637
512742.326039 4478225.712633 131.612
512742.404359 4478225.712633 131.611
512742.482680 4478225.712633 131.622
512742.561000 4478225.712633 131.632
512742.639320 4478225.712633 131.636
512742.717641 4478225.712633 131.629
512742.795961 4478225.712633 131.635
512742.404359 4478225.794078 131.611
512742.482680 4478225.794078 131.614
512742.561000 4478225.794078 131.636
512742.639320 4478225.794078 131.626
512742.717641 4478225.794078 131.628
512742.795961 4478225.794078 131.621
512742.874281 4478225.794078 131.629
512742.561000 4478225.875523 131.627
512742.639320 4478225.875523 131.625
512742.717641 4478225.875523 131.628
512742.795961 4478225.875523 131.631
512742.874281 4478225.875523 131.632
512742.952602 4478225.875523 131.630
512743.030922 4478225.875523 131.637
512742.639320 4478225.956969 131.623
512742.717641 4478225.956969 131.625
512742.795961 4478225.956969 131.630
512742.874281 4478225.956969 131.632
512742.952602 4478225.956969 131.632
512743.030922 4478225.956969 131.626
512743.109242 4478225.956969 131.628
512742.717641 4478226.038414 131.619
512742.795961 4478226.038414 131.623
512742.874281 4478226.038414 131.630
512742.952602 4478226.038414 131.627
512743.030922 4478226.038414 131.631
512743.109242 4478226.038414 131.631
512743.187563 4478226.038414 131.632
512742.874281 4478226.119859 131.615
512742.952602 4478226.119859 131.624
512743.030922 4478226.119859 131.630
512743.109242 4478226.119859 131.635
512743.187563 4478226.119859 131.628
512743.265883 4478226.119859 131.638
512743.344203 4478226.119859 131.628
512742.952602 4478226.201305 131.628
512743.030922 4478226.201305 131.624
512743.109242 4478226.201305 131.624
512743.187563 4478226.201305 131.629
512743.265883 4478226.201305 131.628
512743.344203 4478226.201305 131.634
512743.422523 4478226.201305 131.630
512743.030922 4478226.282750 131.629
512743.109242 4478226.282750 131.626
512743.187563 4478226.282750 131.618
512743.265883 4478226.282750 131.633
512743.344203 4478226.282750 131.631
512743.422523 4478226.282750 131.621
512743.500844 4478226.282750 131.622
512743.579164 4478226.282750 131.632
512743.187563 4478226.364195 131.618
512743.265883 4478226.364195 131.625
512743.344203 4478226.364195 131.630
512743.422523 4478226.364195 131.621
512743.500844 4478226.364195 131.632
512743.579164 4478226.364195 131.623
512743.657484 4478226.364195 131.623
512743.265883 4478226.445641 131.621
512743.344203 4478226.445641 131.622
512743.422523 4478226.445641 131.620
512743.500844 4478226.445641 131.624
512743.579164 4478226.445641 131.628
512743.657484 4478226.445641 131.631
512743.735805 4478226.445641 131.632
512743.422523 4478226.527086 131.612
512743.500844 4478226.527086 131.617
512743.579164 4478226.527086 131.627
512743.657484 4478226.527086 131.635
512743.735805 4478226.527086 131.632
512743.814125 4478226.527086 131.629
512743.892445 4478226.527086 131.622
512743.500844 4478226.608531 131.614
512743.579164 4478226.608531 131.632
512743.657484 4478226.608531 131.626
512743.735805 4478226.608531 131.625
512743.814125 4478226.608531 131.621
512743.892445 4478226.608531 131.626
512743.970766 4478226.608531 131.623
512743.657484 4478226.689977 131.627
512743.735805 4478226.689977 131.626
512743.814125 4478226.689977 131.628
512743.892445 4478226.689977 131.626
512743.970766 4478226.689977 131.622
512744.049086 4478226.689977 131.627
512743.735805 4478226.771422 131.618
512743.814125 4478226.771422 131.618
512743.892445 4478226.771422 131.627
512743.970766 4478226.771422 131.625
512744.049086 4478226.771422 131.631
512744.127406 4478226.771422 131.627
512743.814125 4478226.852867 131.618
512743.892445 4478226.852867 131.615
512743.970766 4478226.852867 131.628
512744.049086 4478226.852867 131.630
512744.127406 4478226.852867 131.633
512743.892445 4478226.934313 131.617
512743.970766 4478226.934313 131.624
512744.049086 4478226.934313 131.637
512744.127406 4478226.934313 131.634
512744.049086 4478227.015758 131.621
