512749.409938 4478220.189250 131.615
512749.488844 4478220.189250 131.613
512749.567750 4478220.189250 131.615
512749.646656 4478220.189250 131.611
512749.331031 4478220.270500 131.617
512749.409938 4478220.270500 131.613
512749.488844 4478220.270500 131.621
512749.567750 4478220.270500 131.625
512749.646656 4478220.270500 131.612
512749.725563 4478220.270500 131.610
512749.409938 4478220.351750 131.614
512749.488844 4478220.351750 131.620
512749.567750 4478220.351750 131.614
512749.646656 4478220.351750 131.617
512749.725563 4478220.351750 131.615
512749.804469 4478220.351750 131.612
512749.883375 4478220.351750 131.607
512749.488844 4478220.433000 131.620
512749.567750 4478220.433000 131.617
512749.646656 4478220.433000 131.617
512749.725563 4478220.433000 131.616
512749.804469 4478220.433000 131.615
512749.883375 4478220.433000 131.610
512749.962281 4478220.433000 131.613
512750.041187 4478220.433000 131.602
512749.567750 4478220.514250 131.615
512749.646656 4478220.514250 131.614
512749.725563 4478220.514250 131.616
512749.804469 4478220.514250 131.613
512749.883375 4478220.514250 131.615
512749.962281 4478220.514250 131.608
512750.041187 4478220.514250 131.611
512750.120094 4478220.514250 131.605
512749.725563 4478220.595500 131.615
512749.804469 4478220.595500 131.617
512749.883375 4478220.595500 131.615
512749.962281 4478220.595500 131.612
512750.041187 4478220.595500 131.621
512750.120094 4478220.595500 131.613
512750.199000 4478220.595500 131.607
512749.804469 4478220.676750 131.617
512749.883375 4478220.676750 131.615
512749.962281 4478220.676750 131.616
512750.041187 4478220.676750 131.614
512750.120094 4478220.676750 131.613
512750.199000 4478220.676750 131.609
512750.277906 4478220.676750 131.614
512749.883375 4478220.758000 131.616
512749.962281 4478220.758000 131.614
512750.041187 4478220.758000 131.613
512750.120094 4478220.758000 131.615
512750.199000 4478220.758000 131.608
512750.277906 4478220.758000 131.615
512750.356812 4478220.758000 131.607
512750.435719 4478220.758000 131.604
512750.041187 4478220.839250 131.612
512750.120094 4478220.839250 131.612
512750.199000 4478220.839250 131.612
512750.277906 4478220.839250 131.615
512750.356812 4478220.839250 131.612
512750.435719 4478220.839250 131.610
512750.514625 4478220.839250 131.610
512750.593531 4478220.839250 131.608
512750.199000 4478220.920500 131.619
512750.277906 4478220.920500 131.617
512750.356812 4478220.920500 131.613
512750.435719 4478220.920500 131.613
512750.514625 4478220.920500 131.623
512750.593531 4478220.920500 131.609
512750.672438 4478220.920500 131.601
512750.356812 4478221.001750 131.616
512750.435719 4478221.001750 131.612
512750.514625 4478221.001750 131.614
512750.593531 4478221.001750 131.608
512750.672438 4478221.001750 131.605
512750.751344 4478221.001750 131.606
512750.435719 4478221.083000 131.615
512750.514625 4478221.083000 131.616
512750.593531 4478221.083000 131.610
512750.672438 4478221.083000 131.606
512750.751344 4478221.083000 131.604
512750.830250 4478221.083000 131.604
512750.909156 4478221.083000 131.596
512750.514625 4478221.164250 131.609
512750.593531 4478221.164250 131.608
512750.672438 4478221.164250 131.609
512750.751344 4478221.164250 131.608
512750.830250 4478221.164250 131.608
512750.909156 4478221.164250 131.604
512750.988063 4478221.164250 131.605
512750.593531 4478221.245500 131.605
512750.672438 4478221.245500 131.606
512750.751344 4478221.245500 131.609
512750.830250 4478221.245500 131.603
512750.909156 4478221.245500 131.611
512750.988063 4478221.245500 131.609
512751.066969 4478221.245500 131.592
512751.145875 4478221.245500 131.596
512750.672438 4478221.326750 131.609
512750.751344 4478221.326750 131.605
512750.830250 4478221.326750 131.609
512750.909156 4478221.326750 131.607
512750.988063 4478221.326750 131.605
512751.066969 4478221.326750 131.598
512751.145875 4478221.326750 131.608
512751.224781 4478221.326750 131.603
512750.830250 4478221.408000 131.606
512750.909156 4478221.408000 131.616
512750.988063 4478221.408000 131.604
512751.066969 4478221.408000 131.613
512751.145875 4478221.408000 131.607
512751.224781 4478221.408000 131.602
512751.303688 4478221.408000 131.602
512750.909156 4478221.489250 131.610
512750.988063 4478221.489250 131.608
512751.066969 4478221.489250 131.607
512751.145875 4478221.489250 131.605
512751.224781 4478221.489250 131.606
512751.303688 4478221.489250 131.607
512751.382594 4478221.489250 131.605
512750.988063 4478221.570500 131.609
512751.066969 4478221.570500 131.611
512751.145875 4478221.570500 131.605
512751.224781 4478221.570500 131.606
512751.303688 4478221.570500 131.604
512751.382594 4478221.570500 131.603
512751.461500 4478221.570500 131.599
512751.145875 4478221.651750 131.609
512751.224781 4478221.651750 131.605
512751.303688 4478221.651750 131.606
512751.382594 4478221.651750 131.601
512751.461500 4478221.651750 131.606
512751.540406 4478221.651750 131.610
512751.619312 4478221.651750 131.607
512751.224781 4478221.733000 131.608
512751.303688 4478221.733000 131.603
512751.382594 4478221.733000 131.606
512751.461500 4478221.733000 131.607
512751.540406 4478221.733000 131.607
512751.619312 4478221.733000 131.603
512751.698219 4478221.733000 131.599
512751.382594 4478221.814250 131.607
512751.461500 4478221.814250 131.604
512751.540406 4478221.814250 131.609
512751.619312 4478221.814250 131.607
512751.698219 4478221.814250 131.604
512751.777125 4478221.814250 131.597
512751.856031 4478221.814250 131.605
512751.461500 4478221.895500 131.608
512751.540406 4478221.895500 131.599
512751.619312 4478221.895500 131.604
512751.698219 4478221.895500 131.602
512751.777125 4478221.895500 131.601
512751.856031 4478221.895500 131.599
512751.934937 4478221.895500 131.594
512752.013844 4478221.895500 131.598
512751.619312 4478221.976750 131.605
512751.698219 4478221.976750 131.602
512751.777125 4478221.976750 131.602
512751.856031 4478221.976750 131.601
512751.934937 4478221.976750 131.601
512752.013844 4478221.976750 131.601
512752.092750 4478221.976750 131.598
512752.171656 4478221.976750 131.589
512751.698219 4478222.058000 131.602
512751.777125 4478222.058000 131.597
512751.856031 4478222.058000 131.601
512751.934937 4478222.058000 131.601
512752.013844 4478222.058000 131.595
512752.092750 4478222.058000 131.595
512752.171656 4478222.058000 131.596
512752.250563 4478222.058000 131.595
512751.856031 4478222.139250 131.601
512751.934937 4478222.139250 131.595
512752.013844 4478222.139250 131.599
512752.092750 4478222.139250 131.606
512752.171656 4478222.139250 131.604
512752.250563 4478222.139250 131.598
512752.329469 4478222.139250 131.595
512751.934937 4478222.220500 131.601
512752.013844 4478222.220500 131.602
512752.092750 4478222.220500 131.601
512752.171656 4478222.220500 131.599
512752.250563 4478222.220500 131.599
512752.329469 4478222.220500 131.596
512752.408375 4478222.220500 131.602
512752.487281 4478222.220500 131.596
512752.013844 4478222.301750 131.603
512752.092750 4478222.301750 131.608
512752.171656 4478222.301750 131.601
512752.250563 4478222.301750 131.601
512752.329469 4478222.301750 131.600
512752.408375 4478222.301750 131.602
512752.487281 4478222.301750 131.600
512752.566188 4478222.301750 131.598
512752.250563 4478222.383000 131.599
512752.329469 4478222.383000 131.603
512752.408375 4478222.383000 131.605
512752.487281 4478222.383000 131.606
512752.566188 4478222.383000 131.602
512752.645094 4478222.383000 131.596
512752.329469 4478222.464250 131.607
512752.408375 4478222.464250 131.606
512752.487281 4478222.464250 131.603
512752.566188 4478222.464250 131.603
512752.645094 4478222.464250 131.599
512752.724000 4478222.464250 131.592
512752.487281 4478222.545500 131.597
512752.566188 4478222.545500 131.600
512752.645094 4478222.545500 131.599
512752.724000 4478222.545500 131.596
512752.802906 4478222.545500 131.598
512752.881813 4478222.545500 131.601
512752.960719 4478222.545500 131.594
512752.566188 4478222.626750 131.598
512752.645094 4478222.626750 131.598
512752.724000 4478222.626750 131.599
512752.802906 4478222.626750 131.598
512752.881813 4478222.626750 131.599
512752.960719 4478222.626750 131.592
512753.039625 4478222.626750 131.591
512753.118531 4478222.626750 131.587
512752.645094 4478222.708000 131.595
512752.724000 4478222.708000 131.596
512752.802906 4478222.708000 131.601
512752.881813 4478222.708000 131.604
512752.960719 4478222.708000 131.595
512753.039625 4478222.708000 131.596
512753.118531 4478222.708000 131.598
512753.197437 4478222.708000 131.590
512752.802906 4478222.789250 131.600
512752.881813 4478222.789250 131.596
512752.960719 4478222.789250 131.600
512753.039625 4478222.789250 131.597
512753.118531 4478222.789250 131.602
512753.197437 4478222.789250 131.591
512753.276344 4478222.789250 131.588
512753.355250 4478222.789250 131.580
512752.960719 4478222.870500 131.597
512753.039625 4478222.870500 131.596
512753.118531 4478222.870500 131.603
512753.197437 4478222.870500 131.603
512753.276344 4478222.870500 131.595
512753.355250 4478222.870500 131.592
512753.434156 4478222.870500 131.591
512753.039625 4478222.951750 131.603
512753.118531 4478222.951750 131.602
512753.197437 4478222.951750 131.597
512753.276344 4478222.951750 131.594
512753.355250 4478222.951750 131.592
512753.434156 4478222.951750 131.589
512753.118531 4478223.033000 131.600
512753.197437 4478223.033000 131.601
512753.276344 4478223.033000 131.597
512753.355250 4478223.033000 131.595
512753.434156 4478223.033000 131.601
512753.513062 4478223.033000 131.593
512753.591969 4478223.033000 131.590
512753.276344 4478223.114250 131.595
512753.355250 4478223.114250 131.595
512753.434156 4478223.114250 131.595
512753.513062 4478223.114250 131.594
512753.591969 4478223.114250 131.597
512753.670875 4478223.114250 131.591
512753.749781 4478223.114250 131.584
512753.355250 4478223.195500 131.602
512753.434156 4478223.195500 131.601
512753.513062 4478223.195500 131.598
512753.591969 4478223.195500 131.601
512753.670875 4478223.195500 131.594
512753.749781 4478223.195500 131.588
512753.828688 4478223.195500 131.581
512753.434156 4478223.276750 131.598
512753.513062 4478223.276750 131.595
512753.591969 4478223.276750 131.589
512753.670875 4478223.276750 131.588
512753.749781 4478223.276750 131.588
512753.828688 4478223.276750 131.585
512753.907594 4478223.276750 131.599
512753.513062 4478223.358000 131.590
512753.591969 4478223.358000 131.593
512753.670875 4478223.358000 131.591
512753.749781 4478223.358000 131.590
512753.828688 4478223.358000 131.590
512753.907594 4478223.358000 131.595
512753.986500 4478223.358000 131.585
512754.065406 4478223.358000 131.580
512753.670875 4478223.439250 131.589
512753.749781 4478223.439250 131.583
512753.828688 4478223.439250 131.587
512753.907594 4478223.439250 131.582
512753.986500 4478223.439250 131.587
512754.065406 4478223.439250 131.583
512754.144313 4478223.439250 131.582
512753.749781 4478223.520500 131.595
512753.828688 4478223.520500 131.585
512753.907594 4478223.520500 131.590
512753.986500 4478223.520500 131.587
512754.065406 4478223.520500 131.583
512754.144313 4478223.520500 131.581
512754.223219 4478223.520500 131.581
512754.302125 4478223.520500 131.580
512753.907594 4478223.601750 131.587
512753.986500 4478223.601750 131.579
512754.065406 4478223.601750 131.582
512754.144313 4478223.601750 131.583
512754.223219 4478223.601750 131.583
512754.302125 4478223.601750 131.584
512754.381031 4478223.601750 131.583
512754.459938 4478223.601750 131.594
512753.986500 4478223.683000 131.581
512754.065406 4478223.683000 131.586
512754.144313 4478223.683000 131.583
512754.223219 4478223.683000 131.588
512754.302125 4478223.683000 131.588
512754.381031 4478223.683000 131.582
512754.459938 4478223.683000 131.583
512754.538844 4478223.683000 131.579
512754.065406 4478223.764250 131.582
512754.144313 4478223.764250 131.582
512754.223219 4478223.764250 131.586
512754.302125 4478223.764250 131.584
512754.381031 4478223.764250 131.587
512754.459938 4478223.764250 131.588
512754.538844 4478223.764250 131.585
512754.617750 4478223.764250 131.587
512754.696656 4478223.764250 131.574
512754.223219 4478223.845500 131.586
512754.302125 4478223.845500 131.587
512754.381031 4478223.845500 131.584
512754.459938 4478223.845500 131.587
512754.538844 4478223.845500 131.586
512754.617750 4478223.845500 131.583
512754.696656 4478223.845500 131.579
512754.775562 4478223.845500 131.575
512754.302125 4478223.926750 131.584
512754.381031 4478223.926750 131.585
512754.459938 4478223.926750 131.596
512754.538844 4478223.926750 131.588
512754.617750 4478223.926750 131.589
512754.696656 4478223.926750 131.581
512754.775562 4478223.926750 131.577
512754.854469 4478223.926750 131.572
512754.459938 4478224.008000 131.592
512754.538844 4478224.008000 131.585
512754.617750 4478224.008000 131.582
512754.696656 4478224.008000 131.579
512754.775562 4478224.008000 131.574
512754.854469 4478224.008000 131.578
512754.933375 4478224.008000 131.597
512754.617750 4478224.089250 131.578
512754.696656 4478224.089250 131.578
512754.775562 4478224.089250 131.585
512754.854469 4478224.089250 131.582
512754.933375 4478224.089250 131.584
512755.012281 4478224.089250 131.580
512755.091187 4478224.089250 131.579
512754.775562 4478224.170500 131.577
512754.854469 4478224.170500 131.585
512754.933375 4478224.170500 131.580
512755.012281 4478224.170500 131.579
512755.091187 4478224.170500 131.579
512755.170094 4478224.170500 131.579
512754.933375 4478224.251750 131.583
512755.012281 4478224.251750 131.582
512755.091187 4478224.251750 131.581
512755.170094 4478224.251750 131.581
512755.249000 4478224.251750 131.575
512755.327906 4478224.251750 131.574
512755.012281 4478224.333000 131.578
512755.091187 4478224.333000 131.582
512755.170094 4478224.333000 131.580
512755.249000 4478224.333000 131.584
512755.327906 4478224.333000 131.578
512755.406813 4478224.333000 131.572
512755.485719 4478224.333000 131.575
512755.012281 4478224.414250 131.581
512755.091187 4478224.414250 131.579
512755.170094 4478224.414250 131.588
512755.249000 4478224.414250 131.590
512755.327906 4478224.414250 131.580
512755.406813 4478224.414250 131.582
512755.485719 4478224.414250 131.579
512755.564625 4478224.414250 131.574
512755.091187 4478224.495500 131.584
512755.170094 4478224.495500 131.589
512755.249000 4478224.495500 131.578
512755.327906 4478224.495500 131.577
512755.406813 4478224.495500 131.580
512755.485719 4478224.495500 131.583
512755.564625 4478224.495500 131.581
512755.643531 4478224.495500 131.586
512755.249000 4478224.576750 131.577
512755.327906 4478224.576750 131.579
512755.406813 4478224.576750 131.590
512755.485719 4478224.576750 131.585
512755.564625 4478224.576750 131.585
512755.643531 4478224.576750 131.582
512755.722438 4478224.576750 131.577
512755.801344 4478224.576750 131.567
512755.406813 4478224.658000 131.587
512755.485719 4478224.658000 131.583
512755.564625 4478224.658000 131.588
512755.643531 4478224.658000 131.586
512755.722438 4478224.658000 131.575
512755.801344 4478224.658000 131.573
512755.880250 4478224.658000 131.570
512755.564625 4478224.739250 131.586
512755.643531 4478224.739250 131.580
512755.722438 4478224.739250 131.578
512755.801344 4478224.739250 131.576
512755.880250 4478224.739250 131.575
512755.959156 4478224.739250 131.576
512755.643531 4478224.820500 131.580
512755.722438 4478224.820500 131.580
512755.801344 4478224.820500 131.583
512755.880250 4478224.820500 131.577
512755.959156 4478224.820500 131.575
512756.038063 4478224.820500 131.576
512756.116969 4478224.820500 131.560
512755.801344 4478224.901750 131.575
512755.880250 4478224.901750 131.578
512755.959156 4478224.901750 131.576
512756.038063 4478224.901750 131.576
512756.116969 4478224.901750 131.572
512756.195875 4478224.901750 131.564
512755.880250 4478224.983000 131.573
512755.959156 4478224.983000 131.578
512756.038063 4478224.983000 131.576
512756.116969 4478224.983000 131.567
512756.195875 4478224.983000 131.567
512756.274781 4478224.983000 131.573
512756.353687 4478224.983000 131.563
512756.038063 4478225.064250 131.570
512756.116969 4478225.064250 131.572
512756.195875 4478225.064250 131.577
512756.274781 4478225.064250 131.571
512756.353687 4478225.064250 131.569
512756.432594 4478225.064250 131.560
512756.116969 4478225.145500 131.571
512756.195875 4478225.145500 131.583
512756.274781 4478225.145500 131.582
512756.353687 4478225.145500 131.579
512756.432594 4478225.145500 131.570
512756.511500 4478225.145500 131.571
512756.590406 4478225.145500 131.556
512756.195875 4478225.226750 131.588
512756.274781 4478225.226750 131.570
512756.353687 4478225.226750 131.567
512756.432594 4478225.226750 131.575
512756.511500 4478225.226750 131.576
512756.590406 4478225.226750 131.571
512756.669312 4478225.226750 131.568
512756.353687 4478225.308000 131.575
512756.432594 4478225.308000 131.576
512756.511500 4478225.308000 131.579
512756.590406 4478225.308000 131.576
512756.669312 4478225.308000 131.571
512756.748219 4478225.308000 131.567
512756.432594 4478225.389250 131.574
512756.511500 4478225.389250 131.576
512756.590406 4478225.389250 131.572
512756.669312 4478225.389250 131.573
512756.748219 4478225.389250 131.573
512756.827125 4478225.389250 131.568
512756.906031 4478225.389250 131.563
512756.511500 4478225.470500 131.573
512756.590406 4478225.470500 131.570
512756.669312 4478225.470500 131.576
512756.748219 4478225.470500 131.575
512756.827125 4478225.470500 131.574
512756.906031 4478225.470500 131.576
512756.984938 4478225.470500 131.571
512756.669312 4478225.551750 131.579
512756.748219 4478225.551750 131.578
512756.827125 4478225.551750 131.574
512756.906031 4478225.551750 131.578
512756.984938 4478225.551750 131.571
512757.063844 4478225.551750 131.570
512757.142750 4478225.551750 131.555
512756.827125 4478225.633000 131.576
512756.906031 4478225.633000 131.573
512756.984938 4478225.633000 131.573
512757.063844 4478225.633000 131.571
512757.142750 4478225.633000 131.571
512757.221656 4478225.633000 131.564
512756.906031 4478225.714250 131.573
512756.984938 4478225.714250 131.573
512757.063844 4478225.714250 131.570
512757.142750 4478225.714250 131.569
512757.221656 4478225.714250 131.565
512757.300563 4478225.714250 131.565
512756.984938 4478225.795500 131.570
512757.063844 4478225.795500 131.570
512757.142750 4478225.795500 131.572
512757.221656 4478225.795500 131.571
512757.300563 4478225.795500 131.568
512757.379469 4478225.795500 131.567
512757.458375 4478225.795500 131.559
512757.142750 4478225.876750 131.572
512757.221656 4478225.876750 131.571
512757.300563 4478225.876750 131.574
512757.379469 4478225.876750 131.565
512757.458375 4478225.876750 131.569
512757.537281 4478225.876750 131.563
512757.300563 4478225.958000 131.570
512757.379469 4478225.958000 131.574
512757.458375 4478225.958000 131.576
512757.537281 4478225.958000 131.571
512757.616188 4478225.958000 131.569
512757.695094 4478225.958000 131.566
512757.379469 4478226.039250 131.579
512757.458375 4478226.039250 131.573
512757.537281 4478226.039250 131.578
512757.616188 4478226.039250 131.571
512757.695094 4478226.039250 131.569
512757.774000 4478226.039250 131.562
512757.458375 4478226.120500 131.572
512757.537281 4478226.120500 131.580
512757.616188 4478226.120500 131.572
512757.695094 4478226.120500 131.568
512757.774000 4478226.120500 131.572
512757.852906 4478226.120500 131.564
512757.931812 4478226.120500 131.553
512757.616188 4478226.201750 131.569
512757.695094 4478226.201750 131.571
512757.774000 4478226.201750 131.576
512757.852906 4478226.201750 131.566
512757.931812 4478226.201750 131.565
512758.010719 4478226.201750 131.561
512757.695094 4478226.283000 131.572
512757.774000 4478226.283000 131.575
512757.852906 4478226.283000 131.572
512757.931812 4478226.283000 131.567
512758.010719 4478226.283000 131.567
512758.089625 4478226.283000 131.563
512758.168531 4478226.283000 131.558
512757.774000 4478226.364250 131.576
512757.852906 4478226.364250 131.570
512757.931812 4478226.364250 131.567
512758.010719 4478226.364250 131.574
512758.089625 4478226.364250 131.571
512758.168531 4478226.364250 131.565
512758.247437 4478226.364250 131.560
512757.931812 4478226.445500 131.570
512758.010719 4478226.445500 131.572
512758.089625 4478226.445500 131.567
512758.168531 4478226.445500 131.565
512758.247437 4478226.445500 131.560
512758.326344 4478226.445500 131.553
512758.405250 4478226.445500 131.551
512758.010719 4478226.526750 131.569
512758.089625 4478226.526750 131.564
512758.168531 4478226.526750 131.570
512758.247437 4478226.526750 131.565
512758.326344 4478226.526750 131.560
512758.405250 4478226.526750 131.554
512758.484156 4478226.526750 131.557
512758.168531 4478226.608000 131.568
512758.247437 4478226.608000 131.570
512758.326344 4478226.608000 131.569
512758.405250 4478226.608000 131.570
512758.484156 4478226.608000 131.563
512758.563063 4478226.608000 131.556
512758.641969 4478226.608000 131.557
512758.247437 4478226.689250 131.569
512758.326344 4478226.689250 131.567
512758.405250 4478226.689250 131.571
512758.484156 4478226.689250 131.566
512758.563063 4478226.689250 131.564
512758.641969 4478226.689250 131.563
512758.720875 4478226.689250 131.549
512758.326344 4478226.770500 131.576
512758.405250 4478226.770500 131.573
512758.484156 4478226.770500 131.568
512758.563063 4478226.770500 131.573
512758.641969 4478226.770500 131.563
512758.720875 4478226.770500 131.563
512758.799781 4478226.770500 131.556
512744.123219 4478226.851750 131.621
512744.202125 4478226.851750 131.627
512744.281031 4478226.851750 131.638
512758.484156 4478226.851750 131.569
512758.563063 4478226.851750 131.565
512758.641969 4478226.851750 131.565
512758.720875 4478226.851750 131.565
512758.799781 4478226.851750 131.564
512758.878688 4478226.851750 131.562
512758.957594 4478226.851750 131.556
512744.123219 4478226.933000 131.622
512744.202125 4478226.933000 131.629
512744.281031 4478226.933000 131.633
512744.359938 4478226.933000 131.627
512758.563063 4478226.933000 131.565
512758.641969 4478226.933000 131.563
512758.720875 4478226.933000 131.568
512758.799781 4478226.933000 131.566
512758.878688 4478226.933000 131.565
512758.957594 4478226.933000 131.561
512759.036500 4478226.933000 131.555
512744.044312 4478227.014250 131.623
512744.123219 4478227.014250 131.615
512744.202125 4478227.014250 131.627
512744.281031 4478227.014250 131.630
512744.359938 4478227.014250 131.630
512744.438844 4478227.014250 131.620
512744.517750 4478227.014250 131.626
512758.720875 4478227.014250 131.567
512758.799781 4478227.014250 131.569
512758.878688 4478227.014250 131.578
512758.957594 4478227.014250 131.562
512759.036500 4478227.014250 131.562
512759.115406 4478227.014250 131.559
512744.123219 4478227.095500 131.624
512744.202125 4478227.095500 131.611
512744.281031 4478227.095500 131.626
512744.359938 4478227.095500 131.629
512744.438844 4478227.095500 131.614
512744.517750 4478227.095500 131.631
512744.596656 4478227.095500 131.623
512758.799781 4478227.095500 131.572
512758.878688 4478227.095500 131.571
512758.957594 4478227.095500 131.562
512759.036500 4478227.095500 131.567
512759.115406 4478227.095500 131.567
512759.194313 4478227.095500 131.555
512759.273219 4478227.095500 131.552
512744.202125 4478227.176750 131.611
512744.281031 4478227.176750 131.620
512744.359938 4478227.176750 131.626
512744.438844 4478227.176750 131.618
512744.517750 4478227.176750 131.621
512744.596656 4478227.176750 131.624
512744.675563 4478227.176750 131.623
512758.878688 4478227.176750 131.575
512758.957594 4478227.176750 131.569
512759.036500 4478227.176750 131.564
512759.115406 4478227.176750 131.559
512759.194313 4478227.176750 131.556
512759.273219 4478227.176750 131.562
512759.352125 4478227.176750 131.555
512759.431031 4478227.176750 131.554
512744.438844 4478227.258000 131.611
512744.517750 4478227.258000 131.621
512744.596656 4478227.258000 131.623
512744.675563 4478227.258000 131.625
512744.754469 4478227.258000 131.624
512744.833375 4478227.258000 131.623
512759.036500 4478227.258000 131.556
512759.115406 4478227.258000 131.566
512759.194313 4478227.258000 131.567
512759.273219 4478227.258000 131.559
512759.352125 4478227.258000 131.559
512759.431031 4478227.258000 131.555
512759.509937 4478227.258000 131.553
512744.438844 4478227.339250 131.617
512744.517750 4478227.339250 131.618
512744.596656 4478227.339250 131.628
512744.675563 4478227.339250 131.619
512744.754469 4478227.339250 131.619
512744.833375 4478227.339250 131.622
512744.912281 4478227.339250 131.618
512759.194313 4478227.339250 131.562
512759.273219 4478227.339250 131.567
512759.352125 4478227.339250 131.563
512759.431031 4478227.339250 131.563
512759.509937 4478227.339250 131.555
512759.588844 4478227.339250 131.552
512744.517750 4478227.420500 131.610
512744.596656 4478227.420500 131.616
512744.675563 4478227.420500 131.622
512744.754469 4478227.420500 131.619
512744.833375 4478227.420500 131.621
512744.912281 4478227.420500 131.617
512744.991188 4478227.420500 131.615
512759.273219 4478227.420500 131.564
512759.352125 4478227.420500 131.562
512759.431031 4478227.420500 131.562
512759.509937 4478227.420500 131.559
512759.588844 4478227.420500 131.562
512759.667750 4478227.420500 131.555
512759.746656 4478227.420500 131.549
512744.675563 4478227.501750 131.616
512744.754469 4478227.501750 131.621
512744.833375 4478227.501750 131.620
512744.912281 4478227.501750 131.611
512744.991188 4478227.501750 131.624
512745.070094 4478227.501750 131.624
512759.431031 4478227.501750 131.565
512759.509937 4478227.501750 131.567
512759.588844 4478227.501750 131.571
512759.667750 4478227.501750 131.561
512759.746656 4478227.501750 131.556
512759.825562 4478227.501750 131.548
512744.754469 4478227.583000 131.612
512744.833375 4478227.583000 131.611
512744.912281 4478227.583000 131.617
512744.991188 4478227.583000 131.627
512745.070094 4478227.583000 131.619
512745.149000 4478227.583000 131.623
512745.227906 4478227.583000 131.631
512759.509937 4478227.583000 131.564
512759.588844 4478227.583000 131.560
512759.667750 4478227.583000 131.559
512759.746656 4478227.583000 131.555
512759.825562 4478227.583000 131.552
512744.833375 4478227.664250 131.613
512744.912281 4478227.664250 131.626
512744.991188 4478227.664250 131.621
512745.070094 4478227.664250 131.615
512745.149000 4478227.664250 131.618
512745.227906 4478227.664250 131.623
512745.306812 4478227.664250 131.623
512759.667750 4478227.664250 131.559
512759.746656 4478227.664250 131.565
512759.825562 4478227.664250 131.558
512744.912281 4478227.745500 131.618
512744.991188 4478227.745500 131.609
512745.070094 4478227.745500 131.617
512745.149000 4478227.745500 131.615
512745.227906 4478227.745500 131.622
512745.306812 4478227.745500 131.622
512745.385719 4478227.745500 131.626
512745.070094 4478227.826750 131.614
512745.149000 4478227.826750 131.615
512745.227906 4478227.826750 131.617
512745.306812 4478227.826750 131.623
512745.385719 4478227.826750 131.625
512745.464625 4478227.826750 131.613
512745.149000 4478227.908000 131.616
512745.227906 4478227.908000 131.608
512745.306812 4478227.908000 131.621
512745.385719 4478227.908000 131.623
512745.464625 4478227.908000 131.607
512745.543531 4478227.908000 131.634
512745.622437 4478227.908000 131.615
512745.227906 4478227.989250 131.600
512745.306812 4478227.989250 131.614
512745.385719 4478227.989250 131.621
512745.464625 4478227.989250 131.613
512745.543531 4478227.989250 131.620
512745.622437 4478227.989250 131.619
512745.701344 4478227.989250 131.620
512745.385719 4478228.070500 131.605
512745.464625 4478228.070500 131.613
512745.543531 4478228.070500 131.615
512745.622437 4478228.070500 131.614
512745.701344 4478228.070500 131.617
512745.780250 4478228.070500 131.619
512745.859156 4478228.070500 131.621
512745.464625 4478228.151750 131.611
512745.543531 4478228.151750 131.606
512745.622437 4478228.151750 131.619
512745.701344 4478228.151750 131.621
512745.780250 4478228.151750 131.612
512745.859156 4478228.151750 131.620
512745.938063 4478228.151750 131.614
512745.543531 4478228.233000 131.606
512745.622437 4478228.233000 131.617
512745.701344 4478228.233000 131.609
512745.780250 4478228.233000 131.613
512745.859156 4478228.233000 131.619
512745.938063 4478228.233000 131.605
512746.016969 4478228.233000 131.613
512751.934937 4478228.233000 131.645
512752.013844 4478228.233000 131.652
512745.701344 4478228.314250 131.616
512745.780250 4478228.314250 131.614
512745.859156 4478228.314250 131.618
512745.938063 4478228.314250 131.621
512746.016969 4478228.314250 131.620
512746.095875 4478228.314250 131.616
512751.856031 4478228.314250 131.653
512751.934937 4478228.314250 131.650
512752.013844 4478228.314250 131.656
512752.092750 4478228.314250 131.656
512745.859156 4478228.395500 131.616
512745.938063 4478228.395500 131.615
512746.016969 4478228.395500 131.617
512746.095875 4478228.395500 131.612
512746.174781 4478228.395500 131.617
512746.253688 4478228.395500 131.618
512751.777125 4478228.395500 131.654
512751.856031 4478228.395500 131.649
512751.934937 4478228.395500 131.655
512752.013844 4478228.395500 131.662
512752.092750 4478228.395500 131.648
512752.171656 4478228.395500 131.654
512745.938063 4478228.476750 131.613
512746.016969 4478228.476750 131.611
512746.095875 4478228.476750 131.615
512746.174781 4478228.476750 131.615
512746.253688 4478228.476750 131.616
512746.332594 4478228.476750 131.618
512751.856031 4478228.476750 131.648
512751.934937 4478228.476750 131.663
512752.013844 4478228.476750 131.651
512752.092750 4478228.476750 131.657
512752.171656 4478228.476750 131.653
512752.250563 4478228.476750 131.647
512746.016969 4478228.558000 131.606
512746.095875 4478228.558000 131.624
512746.174781 4478228.558000 131.613
512746.253688 4478228.558000 131.609
512746.332594 4478228.558000 131.619
512746.411500 4478228.558000 131.618
512751.856031 4478228.558000 131.655
512751.934937 4478228.558000 131.654
512752.013844 4478228.558000 131.647
512752.092750 4478228.558000 131.653
512752.171656 4478228.558000 131.646
512752.250563 4478228.558000 131.649
512752.329469 4478228.558000 131.649
512752.408375 4478228.558000 131.657
512746.095875 4478228.639250 131.613
512746.174781 4478228.639250 131.608
512746.253688 4478228.639250 131.610
512746.332594 4478228.639250 131.619
512746.411500 4478228.639250 131.623
512746.490406 4478228.639250 131.611
512746.569313 4478228.639250 131.621
512751.934937 4478228.639250 131.645
512752.013844 4478228.639250 131.650
512752.092750 4478228.639250 131.653
512752.171656 4478228.639250 131.649
512752.250563 4478228.639250 131.651
512752.329469 4478228.639250 131.653
512752.408375 4478228.639250 131.655
512752.487281 4478228.639250 131.647
512752.566188 4478228.639250 131.647
512746.174781 4478228.720500 131.610
512746.253688 4478228.720500 131.600
512746.332594 4478228.720500 131.617
512746.411500 4478228.720500 131.622
512746.490406 4478228.720500 131.599
512746.569313 4478228.720500 131.618
512746.648219 4478228.720500 131.615
512752.013844 4478228.720500 131.651
512752.092750 4478228.720500 131.649
512752.171656 4478228.720500 131.651
512752.250563 4478228.720500 131.650
512752.329469 4478228.720500 131.657
512752.408375 4478228.720500 131.652
512752.487281 4478228.720500 131.652
512752.566188 4478228.720500 131.653
512752.645094 4478228.720500 131.648
512752.724000 4478228.720500 131.650
512746.253688 4478228.801750 131.603
512746.332594 4478228.801750 131.611
512746.411500 4478228.801750 131.611
512746.490406 4478228.801750 131.607
512746.569313 4478228.801750 131.614
512746.648219 4478228.801750 131.618
512746.727125 4478228.801750 131.615
512752.092750 4478228.801750 131.649
512752.171656 4478228.801750 131.653
512752.250563 4478228.801750 131.654
512752.329469 4478228.801750 131.655
512752.408375 4478228.801750 131.656
512752.487281 4478228.801750 131.650
512752.566188 4478228.801750 131.656
512752.645094 4478228.801750 131.643
512752.724000 4478228.801750 131.652
512752.802906 4478228.801750 131.648
512752.881813 4478228.801750 131.646
512746.411500 4478228.883000 131.610
512746.490406 4478228.883000 131.610
512746.569313 4478228.883000 131.611
512746.648219 4478228.883000 131.616
512746.727125 4478228.883000 131.610
512746.806031 4478228.883000 131.613
512746.884937 4478228.883000 131.620
512752.092750 4478228.883000 131.658
512752.171656 4478228.883000 131.654
512752.250563 4478228.883000 131.657
512752.329469 4478228.883000 131.655
512752.408375 4478228.883000 131.658
512752.487281 4478228.883000 131.648
512752.566188 4478228.883000 131.653
512752.645094 4478228.883000 131.653
512752.724000 4478228.883000 131.648
512752.802906 4478228.883000 131.652
512752.881813 4478228.883000 131.646
512752.960719 4478228.883000 131.635
512746.490406 4478228.964250 131.608
512746.569313 4478228.964250 131.611
512746.648219 4478228.964250 131.611
512746.727125 4478228.964250 131.613
512746.806031 4478228.964250 131.615
512746.884937 4478228.964250 131.617
512746.963844 4478228.964250 131.611
512752.250563 4478228.964250 131.659
512752.329469 4478228.964250 131.658
512752.408375 4478228.964250 131.647
512752.487281 4478228.964250 131.649
512752.566188 4478228.964250 131.649
512752.645094 4478228.964250 131.655
512752.724000 4478228.964250 131.650
512752.802906 4478228.964250 131.647
512752.881813 4478228.964250 131.639
512752.960719 4478228.964250 131.645
512753.039625 4478228.964250 131.651
512746.569313 4478229.045500 131.596
512746.648219 4478229.045500 131.603
512746.727125 4478229.045500 131.610
512746.806031 4478229.045500 131.613
512746.884937 4478229.045500 131.609
512746.963844 4478229.045500 131.601
512747.042750 4478229.045500 131.611
512752.329469 4478229.045500 131.650
512752.408375 4478229.045500 131.647
512752.487281 4478229.045500 131.647
512752.566188 4478229.045500 131.653
512752.645094 4478229.045500 131.648
512752.724000 4478229.045500 131.650
512752.802906 4478229.045500 131.645
512752.881813 4478229.045500 131.642
512752.960719 4478229.045500 131.650
512753.039625 4478229.045500 131.646
512753.118531 4478229.045500 131.638
512746.727125 4478229.126750 131.606
512746.806031 4478229.126750 131.604
512746.884937 4478229.126750 131.609
512746.963844 4478229.126750 131.609
512747.042750 4478229.126750 131.612
512747.121656 4478229.126750 131.604
512747.200562 4478229.126750 131.615
512752.408375 4478229.126750 131.641
512752.487281 4478229.126750 131.653
512752.566188 4478229.126750 131.650
512752.645094 4478229.126750 131.645
512752.724000 4478229.126750 131.645
512752.802906 4478229.126750 131.651
512752.881813 4478229.126750 131.648
512752.960719 4478229.126750 131.650
512753.039625 4478229.126750 131.639
512753.118531 4478229.126750 131.651
512753.197437 4478229.126750 131.640
512746.806031 4478229.208000 131.606
512746.884937 4478229.208000 131.606
512746.963844 4478229.208000 131.611
512747.042750 4478229.208000 131.615
512747.121656 4478229.208000 131.616
512747.200562 4478229.208000 131.616
512747.279469 4478229.208000 131.614
512752.487281 4478229.208000 131.648
512752.566188 4478229.208000 131.643
512752.645094 4478229.208000 131.644
512752.724000 4478229.208000 131.650
512752.802906 4478229.208000 131.647
512752.881813 4478229.208000 131.652
512752.960719 4478229.208000 131.650
512753.039625 4478229.208000 131.641
512753.118531 4478229.208000 131.646
512753.197437 4478229.208000 131.640
512753.276344 4478229.208000 131.649
512746.884937 4478229.289250 131.607
512746.963844 4478229.289250 131.611
512747.042750 4478229.289250 131.616
512747.121656 4478229.289250 131.607
512747.200562 4478229.289250 131.610
512747.279469 4478229.289250 131.611
512747.358375 4478229.289250 131.617
512752.724000 4478229.289250 131.651
512752.802906 4478229.289250 131.643
512752.881813 4478229.289250 131.649
512752.960719 4478229.289250 131.646
512753.039625 4478229.289250 131.646
512753.118531 4478229.289250 131.645
512753.197437 4478229.289250 131.650
512753.276344 4478229.289250 131.648
512753.355250 4478229.289250 131.647
512747.042750 4478229.370500 131.602
512747.121656 4478229.370500 131.604
512747.200562 4478229.370500 131.608
512747.279469 4478229.370500 131.605
512747.358375 4478229.370500 131.616
512747.437281 4478229.370500 131.601
512752.881813 4478229.370500 131.643
512752.960719 4478229.370500 131.639
512753.039625 4478229.370500 131.648
512753.118531 4478229.370500 131.642
512753.197437 4478229.370500 131.651
512753.276344 4478229.370500 131.648
512753.355250 4478229.370500 131.654
512753.434156 4478229.370500 131.647
512747.121656 4478229.451750 131.608
512747.200562 4478229.451750 131.604
512747.279469 4478229.451750 131.607
512747.358375 4478229.451750 131.610
512747.437281 4478229.451750 131.619
512747.516188 4478229.451750 131.608
512747.595094 4478229.451750 131.610
512752.960719 4478229.451750 131.640
512753.039625 4478229.451750 131.649
512753.118531 4478229.451750 131.651
512753.197437 4478229.451750 131.649
512753.276344 4478229.451750 131.653
512753.355250 4478229.451750 131.647
512753.434156 4478229.451750 131.654
512753.513062 4478229.451750 131.643
512747.200562 4478229.533000 131.607
512747.279469 4478229.533000 131.600
512747.358375 4478229.533000 131.614
512747.437281 4478229.533000 131.610
512747.516188 4478229.533000 131.604
512747.595094 4478229.533000 131.611
512747.674000 4478229.533000 131.624
512753.039625 4478229.533000 131.646
512753.118531 4478229.533000 131.651
512753.197437 4478229.533000 131.647
512753.276344 4478229.533000 131.659
512753.355250 4478229.533000 131.652
512753.434156 4478229.533000 131.640
512753.513062 4478229.533000 131.645
512753.591969 4478229.533000 131.644
512747.358375 4478229.614250 131.595
512747.437281 4478229.614250 131.621
512747.516188 4478229.614250 131.605
512747.595094 4478229.614250 131.610
512747.674000 4478229.614250 131.614
512747.752906 4478229.614250 131.611
512747.831813 4478229.614250 131.614
512753.118531 4478229.614250 131.649
512753.197437 4478229.614250 131.654
512753.276344 4478229.614250 131.650
512753.355250 4478229.614250 131.655
512753.434156 4478229.614250 131.648
512753.513062 4478229.614250 131.661
512753.591969 4478229.614250 131.649
512753.670875 4478229.614250 131.646
512753.749781 4478229.614250 131.646
512753.828688 4478229.614250 131.640
512747.437281 4478229.695500 131.601
512747.516188 4478229.695500 131.601
512747.595094 4478229.695500 131.611
512747.674000 4478229.695500 131.615
512747.752906 4478229.695500 131.612
512747.831813 4478229.695500 131.608
512747.910719 4478229.695500 131.616
512753.276344 4478229.695500 131.651
512753.355250 4478229.695500 131.647
512753.434156 4478229.695500 131.647
512753.513062 4478229.695500 131.654
512753.591969 4478229.695500 131.650
512753.670875 4478229.695500 131.644
512753.749781 4478229.695500 131.640
512753.828688 4478229.695500 131.642
512753.907594 4478229.695500 131.641
512747.516188 4478229.776750 131.599
512747.595094 4478229.776750 131.604
512747.674000 4478229.776750 131.614
512747.752906 4478229.776750 131.614
512747.831813 4478229.776750 131.608
512747.910719 4478229.776750 131.621
512747.989625 4478229.776750 131.608
512753.355250 4478229.776750 131.639
512753.434156 4478229.776750 131.652
512753.513062 4478229.776750 131.651
512753.591969 4478229.776750 131.644
512753.670875 4478229.776750 131.645
512753.749781 4478229.776750 131.643
512753.828688 4478229.776750 131.642
512753.907594 4478229.776750 131.646
512753.986500 4478229.776750 131.644
512747.595094 4478229.858000 131.601
512747.674000 4478229.858000 131.611
512747.752906 4478229.858000 131.605
512747.831813 4478229.858000 131.608
512747.910719 4478229.858000 131.613
512747.989625 4478229.858000 131.613
512748.068531 4478229.858000 131.609
512753.513062 4478229.858000 131.642
512753.591969 4478229.858000 131.642
512753.670875 4478229.858000 131.641
512753.749781 4478229.858000 131.649
512753.828688 4478229.858000 131.642
512753.907594 4478229.858000 131.646
512753.986500 4478229.858000 131.638
512754.065406 4478229.858000 131.634
512747.752906 4478229.939250 131.598
512747.831813 4478229.939250 131.608
512747.910719 4478229.939250 131.609
512747.989625 4478229.939250 131.611
512748.068531 4478229.939250 131.610
512748.147438 4478229.939250 131.604
512748.226344 4478229.939250 131.609
512753.591969 4478229.939250 131.640
512753.670875 4478229.939250 131.644
512753.749781 4478229.939250 131.648
512753.828688 4478229.939250 131.644
512753.907594 4478229.939250 131.647
512753.986500 4478229.939250 131.633
512754.065406 4478229.939250 131.644
512754.144313 4478229.939250 131.638
512747.831813 4478230.020500 131.604
512747.910719 4478230.020500 131.610
512747.989625 4478230.020500 131.610
512748.068531 4478230.020500 131.607
512748.147438 4478230.020500 131.604
512748.226344 4478230.020500 131.612
512748.305250 4478230.020500 131.610
512753.670875 4478230.020500 131.650
512753.749781 4478230.020500 131.636
512753.828688 4478230.020500 131.648
512753.907594 4478230.020500 131.638
512753.986500 4478230.020500 131.638
512754.065406 4478230.020500 131.644
512754.144313 4478230.020500 131.640
512754.223219 4478230.020500 131.647
512747.989625 4478230.101750 131.599
512748.068531 4478230.101750 131.607
512748.147438 4478230.101750 131.614
512748.226344 4478230.101750 131.607
512748.305250 4478230.101750 131.611
512748.384156 4478230.101750 131.613
512753.749781 4478230.101750 131.641
512753.828688 4478230.101750 131.640
512753.907594 4478230.101750 131.630
512753.986500 4478230.101750 131.644
512754.065406 4478230.101750 131.644
512754.144313 4478230.101750 131.650
512754.223219 4478230.101750 131.643
512748.068531 4478230.183000 131.602
512748.147438 4478230.183000 131.613
512748.226344 4478230.183000 131.599
512748.305250 4478230.183000 131.608
512748.384156 4478230.183000 131.607
512748.463062 4478230.183000 131.603
512748.541969 4478230.183000 131.610
512748.147438 4478230.264250 131.605
512748.226344 4478230.264250 131.602
512748.305250 4478230.264250 131.606
512748.384156 4478230.264250 131.612
512748.463062 4478230.264250 131.617
512748.541969 4478230.264250 131.606
512748.620875 4478230.264250 131.611
512748.226344 4478230.345500 131.602
512748.305250 4478230.345500 131.599
512748.384156 4478230.345500 131.608
512748.463062 4478230.345500 131.603
512748.541969 4478230.345500 131.604
512748.620875 4478230.345500 131.606
512748.699781 4478230.345500 131.611
512748.384156 4478230.426750 131.592
512748.463062 4478230.426750 131.608
512748.541969 4478230.426750 131.603
512748.620875 4478230.426750 131.607
512748.699781 4478230.426750 131.610
512748.778687 4478230.426750 131.607
512748.857594 4478230.426750 131.612
512748.463062 4478230.508000 131.600
512748.541969 4478230.508000 131.593
512748.620875 4478230.508000 131.609
512748.699781 4478230.508000 131.616
512748.778687 4478230.508000 131.607
512748.857594 4478230.508000 131.607
512748.936500 4478230.508000 131.608
512748.541969 4478230.589250 131.602
512748.620875 4478230.589250 131.596
512748.699781 4478230.589250 131.616
512748.778687 4478230.589250 131.603
512748.857594 4478230.589250 131.608
512748.936500 4478230.589250 131.608
512749.015406 4478230.589250 131.610
512748.699781 4478230.670500 131.608
512748.778687 4478230.670500 131.600
512748.857594 4478230.670500 131.607
512748.936500 4478230.670500 131.608
512749.015406 4478230.670500 131.607
512749.094313 4478230.670500 131.594
512748.778687 4478230.751750 131.598
512748.857594 4478230.751750 131.609
512748.936500 4478230.751750 131.613
512749.015406 4478230.751750 131.602
512749.094313 4478230.751750 131.603
512749.173219 4478230.751750 131.609
512749.252125 4478230.751750 131.598
512748.857594 4478230.833000 131.608
512748.936500 4478230.833000 131.601
512749.015406 4478230.833000 131.600
512749.094313 4478230.833000 131.609
512749.173219 4478230.833000 131.596
512749.252125 4478230.833000 131.596
512749.331031 4478230.833000 131.609
512748.936500 4478230.914250 131.600
512749.015406 4478230.914250 131.595
512749.094313 4478230.914250 131.605
512749.173219 4478230.914250 131.595
512749.252125 4478230.914250 131.599
512749.331031 4478230.914250 131.607
512749.409938 4478230.914250 131.602
512749.015406 4478230.995500 131.587
512749.094313 4478230.995500 131.595
512749.173219 4478230.995500 131.599
512749.252125 4478230.995500 131.600
512749.331031 4478230.995500 131.604
512749.409938 4478230.995500 131.591
512749.488844 4478230.995500 131.594
512749.173219 4478231.076750 131.599
512749.252125 4478231.076750 131.592
512749.331031 4478231.076750 131.603
512749.409938 4478231.076750 131.608
512749.488844 4478231.076750 131.603
512749.567750 4478231.076750 131.604
512749.646656 4478231.076750 131.606
512749.252125 4478231.158000 131.593
512749.331031 4478231.158000 131.585
512749.409938 4478231.158000 131.617
512749.488844 4478231.158000 131.604
512749.567750 4478231.158000 131.597
512749.646656 4478231.158000 131.605
512749.725563 4478231.158000 131.600
512749.409938 4478231.239250 131.598
512749.488844 4478231.239250 131.599
512749.567750 4478231.239250 131.602
512749.646656 4478231.239250 131.601
512749.725563 4478231.239250 131.602
512749.804469 4478231.239250 131.603
512749.883375 4478231.239250 131.607
512749.488844 4478231.320500 131.588
512749.567750 4478231.320500 131.590
512749.646656 4478231.320500 131.601
512749.725563 4478231.320500 131.605
512749.804469 4478231.320500 131.601
512749.883375 4478231.320500 131.603
512749.962281 4478231.320500 131.599
512750.041187 4478231.320500 131.594
512749.567750 4478231.401750 131.584
512749.646656 4478231.401750 131.598
512749.725563 4478231.401750 131.597
512749.804469 4478231.401750 131.604
512749.883375 4478231.401750 131.603
512749.962281 4478231.401750 131.604
512750.041187 4478231.401750 131.592
512750.120094 4478231.401750 131.612
512749.725563 4478231.483000 131.594
512749.804469 4478231.483000 131.599
512749.883375 4478231.483000 131.606
512749.962281 4478231.483000 131.603
512750.041187 4478231.483000 131.604
512750.120094 4478231.483000 131.599
512750.199000 4478231.483000 131.595
512749.804469 4478231.564250 131.596
512749.883375 4478231.564250 131.606
512749.962281 4478231.564250 131.599
512750.041187 4478231.564250 131.602
512750.120094 4478231.564250 131.598
512750.199000 4478231.564250 131.597
512750.277906 4478231.564250 131.601
512749.883375 4478231.645500 131.596
512749.962281 4478231.645500 131.589
512750.041187 4478231.645500 131.598
512750.120094 4478231.645500 131.604
512750.199000 4478231.645500 131.598
512750.277906 4478231.645500 131.601
512750.356812 4478231.645500 131.606
512750.041187 4478231.726750 131.589
512750.120094 4478231.726750 131.601
512750.199000 4478231.726750 131.597
512750.277906 4478231.726750 131.598
512750.356812 4478231.726750 131.602
512750.435719 4478231.726750 131.599
512750.514625 4478231.726750 131.591
512750.120094 4478231.808000 131.579
512750.199000 4478231.808000 131.602
512750.277906 4478231.808000 131.594
512750.356812 4478231.808000 131.605
512750.435719 4478231.808000 131.608
512750.514625 4478231.808000 131.589
512750.593531 4478231.808000 131.603
512750.199000 4478231.889250 131.591
512750.277906 4478231.889250 131.590
512750.356812 4478231.889250 131.600
512750.435719 4478231.889250 131.601
512750.514625 4478231.889250 131.595
512750.593531 4478231.889250 131.600
512750.672438 4478231.889250 131.610
512750.356812 4478231.970500 131.590
512750.435719 4478231.970500 131.603
512750.514625 4478231.970500 131.595
512750.593531 4478231.970500 131.601
512750.672438 4478231.970500 131.601
512750.751344 4478231.970500 131.597
512750.830250 4478231.970500 131.604
512750.435719 4478232.051750 131.597
512750.514625 4478232.051750 131.594
512750.593531 4478232.051750 131.594
512750.672438 4478232.051750 131.597
512750.751344 4478232.051750 131.597
512750.830250 4478232.051750 131.600
512750.909156 4478232.051750 131.599
512750.514625 4478232.133000 131.584
512750.593531 4478232.133000 131.594
512750.672438 4478232.133000 131.606
512750.751344 4478232.133000 131.597
512750.830250 4478232.133000 131.603
512750.909156 4478232.133000 131.597
512750.988063 4478232.133000 131.591
512751.066969 4478232.133000 131.592
512750.593531 4478232.214250 131.587
512750.672438 4478232.214250 131.595
512750.751344 4478232.214250 131.594
512750.830250 4478232.214250 131.601
512750.909156 4478232.214250 131.597
512750.988063 4478232.214250 131.590
512751.066969 4478232.214250 131.594
512751.145875 4478232.214250 131.606
512750.672438 4478232.295500 131.593
512750.751344 4478232.295500 131.590
512750.830250 4478232.295500 131.597
512750.909156 4478232.295500 131.603
512750.988063 4478232.295500 131.594
512751.066969 4478232.295500 131.609
512751.145875 4478232.295500 131.595
512751.224781 4478232.295500 131.594
512750.830250 4478232.376750 131.594
512750.909156 4478232.376750 131.600
512750.988063 4478232.376750 131.597
512751.066969 4478232.376750 131.602
512751.145875 4478232.376750 131.593
512751.224781 4478232.376750 131.594
512751.303688 4478232.376750 131.602
512751.382594 4478232.376750 131.603
512750.909156 4478232.458000 131.592
512750.988063 4478232.458000 131.587
512751.066969 4478232.458000 131.602
512751.145875 4478232.458000 131.592
512751.224781 4478232.458000 131.593
512751.303688 4478232.458000 131.600
512751.382594 4478232.458000 131.605
512751.461500 4478232.458000 131.589
512751.066969 4478232.539250 131.596
512751.145875 4478232.539250 131.595
512751.224781 4478232.539250 131.594
512751.303688 4478232.539250 131.597
512751.382594 4478232.539250 131.603
512751.461500 4478232.539250 131.584
512751.540406 4478232.539250 131.598
512751.145875 4478232.620500 131.594
512751.224781 4478232.620500 131.594
512751.303688 4478232.620500 131.590
512751.382594 4478232.620500 131.598
512751.461500 4478232.620500 131.594
512751.540406 4478232.620500 131.597
512751.619312 4478232.620500 131.597
512751.303688 4478232.701750 131.584
512751.382594 4478232.701750 131.609
512751.461500 4478232.701750 131.595
512751.540406 4478232.701750 131.591
512751.619312 4478232.701750 131.603
512751.698219 4478232.701750 131.603
512751.382594 4478232.783000 131.588
512751.461500 4478232.783000 131.595
512751.540406 4478232.783000 131.596
512751.619312 4478232.783000 131.602
512751.698219 4478232.783000 131.596
512751.777125 4478232.783000 131.594
512751.856031 4478232.783000 131.602
512751.461500 4478232.864250 131.587
512751.540406 4478232.864250 131.599
512751.619312 4478232.864250 131.598
512751.698219 4478232.864250 131.593
512751.777125 4478232.864250 131.606
512751.856031 4478232.864250 131.604
512751.934937 4478232.864250 131.596
512752.013844 4478232.864250 131.593
512751.540406 4478232.945500 131.592
512751.619312 4478232.945500 131.592
512751.698219 4478232.945500 131.596
512751.777125 4478232.945500 131.612
512751.856031 4478232.945500 131.600
512751.934937 4478232.945500 131.594
512752.013844 4478232.945500 131.596
512752.092750 4478232.945500 131.594
512751.698219 4478233.026750 131.589
512751.777125 4478233.026750 131.604
512751.856031 4478233.026750 131.597
512751.934937 4478233.026750 131.594
512752.013844 4478233.026750 131.602
512752.092750 4478233.026750 131.587
512752.171656 4478233.026750 131.587
512751.856031 4478233.108000 131.602
512751.934937 4478233.108000 131.593
512752.013844 4478233.108000 131.591
512752.092750 4478233.108000 131.595
512752.171656 4478233.108000 131.588
512752.013844 4478233.189250 131.592
512752.092750 4478233.189250 131.597
512752.171656 4478233.189250 131.592
512752.171656 4478233.270500 131.594
512752.250563 4478233.270500 131.593
512752.329469 4478233.270500 131.605
512752.171656 4478233.351750 131.591
512752.250563 4478233.351750 131.594
512752.329469 4478233.351750 131.603
512752.408375 4478233.351750 131.597
512752.487281 4478233.351750 131.594
512752.250563 4478233.433000 131.596
512752.329469 4478233.433000 131.593
512752.408375 4478233.433000 131.598
512752.487281 4478233.433000 131.593
512752.566188 4478233.433000 131.599
512752.329469 4478233.514250 131.589
512752.408375 4478233.514250 131.598
512752.487281 4478233.514250 131.590
512752.566188 4478233.514250 131.597
512752.645094 4478233.514250 131.594
512752.487281 4478233.595500 131.599
512752.566188 4478233.595500 131.595
512752.645094 4478233.595500 131.596
512752.724000 4478233.595500 131.597
512752.802906 4478233.595500 131.601
512752.881813 4478233.595500 131.594
512752.645094 4478233.676750 131.600
512752.724000 4478233.676750 131.599
512752.802906 4478233.676750 131.602
512752.881813 4478233.676750 131.597
512752.960719 4478233.676750 131.599
512753.039625 4478233.676750 131.593
512752.724000 4478233.758000 131.599
512752.802906 4478233.758000 131.612
512752.881813 4478233.758000 131.598
512752.960719 4478233.758000 131.590
512753.039625 4478233.758000 131.588
512753.118531 4478233.758000 131.588
512752.802906 4478233.839250 131.600
512752.881813 4478233.839250 131.598
512752.960719 4478233.839250 131.587
512753.039625 4478233.839250 131.597
512753.118531 4478233.839250 131.587
512753.197437 4478233.839250 131.586
512752.802906 4478233.920500 131.607
512752.881813 4478233.920500 131.589
512752.960719 4478233.920500 131.590
512753.039625 4478233.920500 131.592
512753.118531 4478233.920500 131.591
512753.197437 4478233.920500 131.589
512753.276344 4478233.920500 131.591
512752.960719 4478234.001750 131.580
512753.039625 4478234.001750 131.595
512753.118531 4478234.001750 131.592
512753.197437 4478234.001750 131.587
512753.276344 4478234.001750 131.601
512753.355250 4478234.001750 131.595
512753.039625 4478234.083000 131.591
512753.118531 4478234.083000 131.590
512753.197437 4478234.083000 131.588
512753.276344 4478234.083000 131.588
512753.355250 4478234.083000 131.594
512753.434156 4478234.083000 131.586
512753.197437 4478234.164250 131.582
512753.276344 4478234.164250 131.587
512753.355250 4478234.164250 131.600
512753.434156 4478234.164250 131.586
512753.513062 4478234.164250 131.593
512753.276344 4478234.245500 131.585
512753.355250 4478234.245500 131.590
512753.434156 4478234.245500 131.587
512753.513062 4478234.245500 131.593
512753.591969 4478234.245500 131.601
512753.670875 4478234.245500 131.590
512753.355250 4478234.326750 131.583
512753.434156 4478234.326750 131.592
512753.513062 4478234.326750 131.593
512753.591969 4478234.326750 131.592
512753.670875 4478234.326750 131.593
512753.749781 4478234.326750 131.593
512753.434156 4478234.408000 131.579
512753.513062 4478234.408000 131.584
512753.591969 4478234.408000 131.597
512753.670875 4478234.408000 131.594
512753.749781 4478234.408000 131.591
512753.828688 4478234.408000 131.584
512753.907594 4478234.408000 131.590
512753.513062 4478234.489250 131.578
512753.591969 4478234.489250 131.589
512753.670875 4478234.489250 131.592
512753.749781 4478234.489250 131.602
512753.828688 4478234.489250 131.593
512753.907594 4478234.489250 131.591
512753.986500 4478234.489250 131.588
512753.591969 4478234.570500 131.577
512753.670875 4478234.570500 131.583
512753.749781 4478234.570500 131.593
512753.828688 4478234.570500 131.593
512753.907594 4478234.570500 131.583
512753.986500 4478234.570500 131.602
512754.065406 4478234.570500 131.580
512754.144313 4478234.570500 131.583
512753.749781 4478234.651750 131.589
512753.828688 4478234.651750 131.595
512753.907594 4478234.651750 131.587
512753.986500 4478234.651750 131.588
512754.065406 4478234.651750 131.585
512754.144313 4478234.651750 131.585
512754.223219 4478234.651750 131.588
512753.907594 4478234.733000 131.575
512753.986500 4478234.733000 131.592
512754.065406 4478234.733000 131.592
512754.144313 4478234.733000 131.584
512754.223219 4478234.733000 131.590
512754.302125 4478234.733000 131.590
512753.986500 4478234.814250 131.581
512754.065406 4478234.814250 131.584
512754.144313 4478234.814250 131.581
512754.223219 4478234.814250 131.582
512754.302125 4478234.814250 131.602
512754.065406 4478234.895500 131.586
512754.144313 4478234.895500 131.582
512754.223219 4478234.895500 131.578
512754.144313 4478234.976750 131.580
512751.145875 4478235.383000 131.707
512751.224781 4478235.383000 131.642
512751.303688 4478235.383000 131.605
512751.145875 4478235.464250 131.811
512751.224781 4478235.464250 131.735
512751.303688 4478235.464250 131.658
512751.382594 4478235.464250 131.621
512751.145875 4478235.545500 131.937
512751.224781 4478235.545500 131.831
512751.303688 4478235.545500 131.761
512751.382594 4478235.545500 131.674
512751.461500 4478235.545500 131.631
512751.145875 4478235.626750 132.117
512751.224781 4478235.626750 131.973
512751.303688 4478235.626750 131.844
512751.382594 4478235.626750 131.779
512751.461500 4478235.626750 131.702
512751.540406 4478235.626750 131.636
512751.145875 4478235.708000 132.265
512751.224781 4478235.708000 132.150
512751.303688 4478235.708000 132.015
512751.382594 4478235.708000 131.871
512751.461500 4478235.708000 131.792
512751.540406 4478235.708000 131.716
512751.619312 4478235.708000 131.636
512751.698219 4478235.708000 131.602
512751.224781 4478235.789250 132.276
512751.303688 4478235.789250 132.186
512751.382594 4478235.789250 132.059
512751.461500 4478235.789250 131.902
512751.540406 4478235.789250 131.801
512751.619312 4478235.789250 131.744
512751.698219 4478235.789250 131.666
512751.777125 4478235.789250 131.619
512751.856031 4478235.789250 131.584
512751.303688 4478235.870500 132.266
512751.382594 4478235.870500 132.219
512751.461500 4478235.870500 132.073
512751.540406 4478235.870500 131.937
512751.619312 4478235.870500 131.834
512751.698219 4478235.870500 131.762
512751.777125 4478235.870500 131.680
512751.856031 4478235.870500 131.630
512751.934937 4478235.870500 131.587
512751.382594 4478235.951750 132.300
512751.461500 4478235.951750 132.219
512751.540406 4478235.951750 132.125
512751.619312 4478235.951750 131.974
512751.698219 4478235.951750 131.855
512751.777125 4478235.951750 131.788
512751.856031 4478235.951750 131.702
512751.934937 4478235.951750 131.638
512752.013844 4478235.951750 131.594
512751.540406 4478236.033000 132.260
512751.619312 4478236.033000 132.159
512751.698219 4478236.033000 132.025
512751.777125 4478236.033000 131.874
512751.856031 4478236.033000 131.805
512751.934937 4478236.033000 131.725
512752.013844 4478236.033000 131.657
512752.092750 4478236.033000 131.603
512751.619312 4478236.114250 132.267
512751.698219 4478236.114250 132.185
512751.777125 4478236.114250 132.064
512751.856031 4478236.114250 131.914
512751.934937 4478236.114250 131.828
512752.013844 4478236.114250 131.747
512752.092750 4478236.114250 131.667
512752.171656 4478236.114250 131.619
512752.250563 4478236.114250 131.594
512751.777125 4478236.195500 132.221
512751.856031 4478236.195500 132.101
512751.934937 4478236.195500 131.956
512752.013844 4478236.195500 131.853
512752.092750 4478236.195500 131.776
512752.171656 4478236.195500 131.679
512752.250563 4478236.195500 131.633
512752.329469 4478236.195500 131.593
512751.856031 4478236.276750 132.245
512751.934937 4478236.276750 132.141
512752.013844 4478236.276750 132.005
512752.092750 4478236.276750 131.869
512752.171656 4478236.276750 131.795
512752.250563 4478236.276750 131.712
512752.329469 4478236.276750 131.643
512752.408375 4478236.276750 131.613
512752.013844 4478236.358000 132.173
512752.092750 4478236.358000 132.037
512752.171656 4478236.358000 131.899
512752.250563 4478236.358000 131.813
512752.329469 4478236.358000 131.737
512752.408375 4478236.358000 131.660
512752.487281 4478236.358000 131.617
512752.566188 4478236.358000 131.572
512752.092750 4478236.439250 132.209
512752.171656 4478236.439250 132.084
512752.250563 4478236.439250 131.929
512752.329469 4478236.439250 131.830
512752.408375 4478236.439250 131.768
512752.487281 4478236.439250 131.678
512752.566188 4478236.439250 131.619
512752.645094 4478236.439250 131.585
512752.724000 4478236.439250 131.564
512752.092750 4478236.520500 132.258
512752.171656 4478236.520500 132.236
512752.250563 4478236.520500 132.117
512752.329469 4478236.520500 131.982
512752.408375 4478236.520500 131.852
512752.487281 4478236.520500 131.776
512752.566188 4478236.520500 131.710
512752.645094 4478236.520500 131.621
512752.724000 4478236.520500 131.593
512752.802906 4478236.520500 131.569
512752.881813 4478236.520500 131.571
512752.171656 4478236.601750 132.244
512752.250563 4478236.601750 132.262
512752.329469 4478236.601750 132.166
512752.408375 4478236.601750 132.028
512752.487281 4478236.601750 131.874
512752.566188 4478236.601750 131.796
512752.645094 4478236.601750 131.734
512752.724000 4478236.601750 131.645
512752.802906 4478236.601750 131.605
512752.881813 4478236.601750 131.574
512752.329469 4478236.683000 132.275
512752.408375 4478236.683000 132.189
512752.487281 4478236.683000 132.070
512752.566188 4478236.683000 131.912
512752.645094 4478236.683000 131.819
512752.724000 4478236.683000 131.747
512752.802906 4478236.683000 131.666
512752.881813 4478236.683000 131.616
512752.408375 4478236.764250 132.289
512752.487281 4478236.764250 132.214
512752.566188 4478236.764250 132.113
512752.645094 4478236.764250 131.950
512752.724000 4478236.764250 131.844
512752.802906 4478236.764250 131.770
512752.487281 4478236.845500 132.276
512752.566188 4478236.845500 132.237
512752.645094 4478236.845500 132.143
512752.724000 4478236.845500 132.007
512752.566188 4478236.926750 132.298
512752.645094 4478236.926750 132.260
